逆：61  00000000000000000000000000000000 
        00000000000000000000000000000000 
        00010000000000000000000000000000 
        00000000000000000000000000000000
    62  00000000000000000000000000000000 
        00000000000000000000000000000000 
        00001000000000000000000000000000 
        00000000000000000000000000000000
    63  00000000000000000000000000000000 
        00000000000000000000000000000000 
        00010100000000000000000000000000 
        00000000000000000000000000000000

正：61  10000000000000000000000000000000
        10000000000000000000000000000000 
        10000000000000000000000000000000 
        10000000000000000000000000000000
    62  10000000000000000000000000000000 10000000000000000000000000000000 10000000000000000000000000000000 10000000000000000000000000000000
    63  10000000000000000000000000000000 10000000000000000000000000000000 10000000000000000000000000000000 10000000000000000000000000000000