正  8 value=0 index=15  00000000 00000000 10000000 00000000 00000000 00000000 00000000 00000000
逆  9 value=1 index=15  11101001 00000000 00000000 00000000 00000000 00000000 00000000 10000000

正  8 value=0 index=47  00000000 00000000 00000000 00000000 00000000 00000000 10000000 00000000
逆  9 value=1 index=47  00000000 00000000 00000000 10000000 11101001 10000000 00000000 00000000

正 8 value=1 index=15  10000000 11101001 00000000 00000000 00000000 00000000 00000000 00000000
逆 9 value=0 index=15  00000000 10000000 00000000 00000000 00000000 00000000 00000000 00000000

正 8 value=1 index=47  00000000 00000000 00000000 00000000 10000000 11101001 00000000 00000000
逆 9 value=0 index=47  00000000 00000000 00000000 00000000 00000000 10000000 00000000 00000000

正 9 value=1 index=7  10000000 11101001 10000000 00000000 00000000 00000000 00000000 00000000
逆 8 value=0 index=7  00000000 10000000 00000000 00000000 00000000 00000000 00000000 00000000

正 9 value=1 index=39 00000000 00000000 00000000 00000000 10000000 11101001 10000000 00000000
逆 8 value=0 index=39 00000000 00000000 00000000 00000000 00000000 10000000 00000000 00000000

正 9 value=0 index=7  00000000 00000000 10000000 00000000 00000000 00000000 00000000 00000000
逆 8 value=1 index=7  11101001 00000000 00000000 00000000 00000000 00000000 00000000 10000000

正 9 value=0 index=39 00000000 00000000 00000000 00000000 00000000 00000000 10000000 00000000
逆 8 value=1 index=39 00000000 00000000 00000000 10000000 11101001 00000000 00000000 00000000

