inputdiff:01000000000000010000000000000000
          00000000000000000200000010000002

inputdiff:01000000000000000000000000000000
          00000000000000000200000010000002
          00000000000000000202000000100000

inputdiff:00000000000000010000000000000000
          00000000000000000200000010000002
          00000000000000000000001000000202

inputdiff:10100000000000000000000000000000
          00000000000000002020000001000000

inputdiff:00100000000000000000000000000000
          00000000000000002020000001000000
          00000000000000000020200000010000

inputdiff:10000000000000000000000000000000
          00000000000000002020000001000000
          00000000000000002000000100000020

inputdiff:00010000000000000000000000000000
          00000000000000000202000000100000
          00000000000000000002020000001000

inputdiff:01010000000000000000000000000000
          00000000000000000202000000100000

inputdiff:00001000000000000000000000000000
          00000000000000000020200000010000
          00000000000000000000202000000100

inputdiff:00101000000000000000000000000000
          00000000000000000020200000010000

inputdiff:00000100000000000000000000000000
          00000000000000000002020000001000
          00000000000000000000020200000010

inputdiff:00010100000000000000000000000000
          00000000000000000002020000001000

inputdiff:00000010000000000000000000000000
          00000000000000000000202000000100
          00000000000000000000002020000001

inputdiff:00001010000000000000000000000000
          00000000000000000000202000000100

inputdiff:00000001000000000000000000000000
          00000000000000000000020200000010
          00000000000000001000000202000000

inputdiff:00000101000000000000000000000000
          00000000000000000000020200000010

inputdiff:00000000100000000000000000000000
          00000000000000000000002020000001
          00000000000000000100000020200000

inputdiff:00000010100000000000000000000000
          00000000000000000000002020000001

inputdiff:00000000010000000000000000000000
          00000000000000001000000202000000
          00000000000000000010000002020000

inputdiff:00000001010000000000000000000000
          00000000000000001000000202000000

inputdiff:00000000001000000000000000000000
          00000000000000000100000020200000
          00000000000000000001000000202000

inputdiff:00000000101000000000000000000000
          00000000000000000100000020200000

inputdiff:00000000000100000000000000000000
          00000000000000000010000002020000
          00000000000000000000100000020200

inputdiff:00000000010100000000000000000000
          00000000000000000010000002020000

inputdiff:00000000000010000000000000000000
          00000000000000000001000000202000
          00000000000000000000010000002020

inputdiff:00000000001010000000000000000000
          00000000000000000001000000202000

inputdiff:00000000000001000000000000000000
          00000000000000000000100000020200
          00000000000000000000001000000202

inputdiff:00000000000101000000000000000000
          00000000000000000000100000020200

inputdiff:00000000000000100000000000000000
          00000000000000000000010000002020
          00000000000000002000000100000020

inputdiff:00000000000010100000000000000000
          00000000000000000000010000002020

inputdiff:00000000000001010000000000000000
          00000000000000000000001000000202

inputdiff:10000000000000100000000000000000
          00000000000000002000000100000020

1,2,2,1,2,2,2,1,2,1,2,1,2,1,2,1,2,1,2,1,2,1,2,1,2,1,2,1,2,1,1,1
time:25.97s