inputdiff:00000000000000000000000100000000
          00000000000000000000000000000010
          00000000000000000000000100000010
          00000000000000000000010000000010
          00000000000000000000010100000010
          00000000000000001000000000000000
          00000000000000001000000001000000
          00000000000000001000000101000000
          00000000000000001000000100000000
          00000000000000001000000000000010
[9]
inputdiff:00000000000000001000000100000000
          00000000000000000000000101000000
          00000000000000000000000001000000
          00000000000000000000000100000000
          00000000000000001000000000000010
          00000000000000000000000000000010
          00000000000000001000000000000000
[9, 6]
inputdiff:00000000000000001000000100000010
          00000000000000001000000000000010
          00000000000000000000000000000010
          00000000000000001000000000000000
[9, 6, 3]
inputdiff:00000000000000000000000100000010
          00000000000000000000010100000000
          00000000000000000000010000000000
          00000000000000000000000100000000
          00000000000000001000000000000010
          00000000000000000000000000000010
          00000000000000001000000000000000
[9, 6, 3, 6]
inputdiff:00000000000000001000000000000010
          00000000000000000000000100000000
          00000000000000001000000100000000
          00000000000000001000000100000010
          00000000000000000000000100000010
[9, 6, 3, 6, 4]
inputdiff:00000000000000000000000000000010
          00000000000000000000010100000000
          00000000000000000000010000000000
          00000000000000000000000100000000
          00000000000000000000010000000010
          00000000000000000000010000001010
          00000000000000000000010000001000
          00000000000000001000000100000000
          00000000000000001000000100000010
          00000000000000000000000100000010
[9, 6, 3, 6, 4, 9]
inputdiff:00000000000000001000000000000000
          00000000000000000000000001000000
          00000000000000000010000001000000
          00000000000000001000000001000000
          00000000000000001010000001000000
          00000000000000000000000101000000
          00000000000000000000000100000000
          00000000000000001000000100000000
          00000000000000001000000100000010
          00000000000000000000000100000010
[9, 6, 3, 6, 4, 9, 9]
inputdiff:00000000000000000000001000000000
          00000000000000000000000000000100
          00000000000000000000001000000100
          00000000000000000000100000000100
          00000000000000000000101000000100
          00000000000000000000000000000001
          00000000000000000000000010000001
          00000000000000000000001010000001
          00000000000000000000001000000001
          00000000000000000000000000000101
[9, 6, 3, 6, 4, 9, 9, 9]
inputdiff:00000000000000000000001000000001
          00000000000000000000001010000000
          00000000000000000000000010000000
          00000000000000000000001000000000
          00000000000000000000000000000101
          00000000000000000000000000000001
          00000000000000000000000000000100
[9, 6, 3, 6, 4, 9, 9, 9, 6]
inputdiff:00000000000000000000001000000101
          00000000000000000000000000000101
          00000000000000000000000000000001
          00000000000000000000000000000100
[9, 6, 3, 6, 4, 9, 9, 9, 6, 3]
inputdiff:00000000000000000000001000000100
          00000000000000000000101000000000
          00000000000000000000001000000000
          00000000000000000000100000000000
          00000000000000000000000000000101
          00000000000000000000000000000001
          00000000000000000000000000000100
[9, 6, 3, 6, 4, 9, 9, 9, 6, 3, 6]
inputdiff:00000000000000000000000000000101
          00000000000000000000001000000000
          00000000000000000000001000000001
          00000000000000000000001000000101
          00000000000000000000001000000100
[9, 6, 3, 6, 4, 9, 9, 9, 6, 3, 6, 4]
inputdiff:00000000000000000000000000000001
          00000000000000000000000010000000
          00000000000000000100000010000001
          00000000000000000100000010000000
          00000000000000000000000010000001
          00000000000000000000001010000000
          00000000000000000000001000000000
          00000000000000000000001000000001
          00000000000000000000001000000101
          00000000000000000000001000000100
[9, 6, 3, 6, 4, 9, 9, 9, 6, 3, 6, 4, 9]
inputdiff:00000000000000000000000000000100
          00000000000000000000101000000000
          00000000000000000000001000000000
          00000000000000000000100000000000
          00000000000000000000100000000100
          00000000000000000000100000010100
          00000000000000000000100000010000
          00000000000000000000001000000001
          00000000000000000000001000000101
          00000000000000000000001000000100
[9, 6, 3, 6, 4, 9, 9, 9, 6, 3, 6, 4, 9, 9]
inputdiff:00000000000000000000010000000000
          00000000000000000000000000001000
          00000000000000000000010000001000
          00000000000000000001000000001000
          00000000000000000001010000001000
          00000000000000000000000000000010
          00000000000000000000000100000010
          00000000000000000000010000000010
          00000000000000000000010100000010
          00000000000000000000000000001010
[9, 6, 3, 6, 4, 9, 9, 9, 6, 3, 6, 4, 9, 9, 9]
inputdiff:00000000000000000000010000000010
          00000000000000000000010100000000
          00000000000000000000010000000000
          00000000000000000000000100000000
          00000000000000000000000000001010
          00000000000000000000000000001000
          00000000000000000000000000000010
[9, 6, 3, 6, 4, 9, 9, 9, 6, 3, 6, 4, 9, 9, 9, 6]
inputdiff:00000000000000000000010000001010
          00000000000000000000000000001010
          00000000000000000000000000000010
          00000000000000000000000000001000
[9, 6, 3, 6, 4, 9, 9, 9, 6, 3, 6, 4, 9, 9, 9, 6, 3]
inputdiff:00000000000000000000010000001000
          00000000000000000001010000000000
          00000000000000000001000000000000
          00000000000000000000010000000000
          00000000000000000000000000001010
          00000000000000000000000000001000
          00000000000000000000000000000010
[9, 6, 3, 6, 4, 9, 9, 9, 6, 3, 6, 4, 9, 9, 9, 6, 3, 6]
inputdiff:00000000000000000000000000001000
          00000000000000000001010000000000
          00000000000000000001000000000000
          00000000000000000000010000000000
          00000000000000000001000000101000
          00000000000000000001000000100000
          00000000000000000001000000001000
          00000000000000000000010000000010
          00000000000000000000010000001010
          00000000000000000000010000001000
[9, 6, 3, 6, 4, 9, 9, 9, 6, 3, 6, 4, 9, 9, 9, 6, 3, 6, 9]
inputdiff:00000000000000000000000000001010
          00000000000000000000010000000000
          00000000000000000000010000000010
          00000000000000000000010000001010
          00000000000000000000010000001000
[9, 6, 3, 6, 4, 9, 9, 9, 6, 3, 6, 4, 9, 9, 9, 6, 3, 6, 9, 4]
inputdiff:00000000000000000000100000000000
          00000000000000000000000000010000
          00000000000000000000100000010000
          00000000000000000010000000010000
          00000000000000000010100000010000
          00000000000000000000000000000100
          00000000000000000000001000000100
          00000000000000000000100000000100
          00000000000000000000101000000100
          00000000000000000000000000010100
[9, 6, 3, 6, 4, 9, 9, 9, 6, 3, 6, 4, 9, 9, 9, 6, 3, 6, 9, 4, 9]
inputdiff:00000000000000000000100000000100
          00000000000000000000101000000000
          00000000000000000000001000000000
          00000000000000000000100000000000
          00000000000000000000000000010100
          00000000000000000000000000000100
          00000000000000000000000000010000
[9, 6, 3, 6, 4, 9, 9, 9, 6, 3, 6, 4, 9, 9, 9, 6, 3, 6, 9, 4, 9, 6]
inputdiff:00000000000000000000100000010100
          00000000000000000000000000010100
          00000000000000000000000000000100
          00000000000000000000000000010000
[9, 6, 3, 6, 4, 9, 9, 9, 6, 3, 6, 4, 9, 9, 9, 6, 3, 6, 9, 4, 9, 6, 3]
inputdiff:00000000000000000000100000010000
          00000000000000000010100000000000
          00000000000000000010000000000000
          00000000000000000000100000000000
          00000000000000000000000000010100
          00000000000000000000000000000100
          00000000000000000000000000010000
[9, 6, 3, 6, 4, 9, 9, 9, 6, 3, 6, 4, 9, 9, 9, 6, 3, 6, 9, 4, 9, 6, 3, 6]
inputdiff:00000000000000000000000000010100
          00000000000000000000100000000000
          00000000000000000000100000000100
          00000000000000000000100000010100
          00000000000000000000100000010000
[9, 6, 3, 6, 4, 9, 9, 9, 6, 3, 6, 4, 9, 9, 9, 6, 3, 6, 9, 4, 9, 6, 3, 6, 4]
inputdiff:00000000000000000000000000010000
          00000000000000000010100000000000
          00000000000000000010000000000000
          00000000000000000000100000000000
          00000000000000000010000001010000
          00000000000000000010000000010000
          00000000000000000010000001000000
          00000000000000000000100000000100
          00000000000000000000100000010100
          00000000000000000000100000010000
[9, 6, 3, 6, 4, 9, 9, 9, 6, 3, 6, 4, 9, 9, 9, 6, 3, 6, 9, 4, 9, 6, 3, 6, 4, 9]
inputdiff:00000000000000000001000000000000
          00000000000000000000000000100000
          00000000000000000001000000100000
          00000000000000000100000000100000
          00000000000000000101000000100000
          00000000000000000000000000001000
          00000000000000000000010000001000
          00000000000000000001000000001000
          00000000000000000001010000001000
          00000000000000000000000000101000
[9, 6, 3, 6, 4, 9, 9, 9, 6, 3, 6, 4, 9, 9, 9, 6, 3, 6, 9, 4, 9, 6, 3, 6, 4, 9, 9]
inputdiff:00000000000000000001000000101000
          00000000000000000000000000101000
          00000000000000000000000000001000
          00000000000000000000000000100000
[9, 6, 3, 6, 4, 9, 9, 9, 6, 3, 6, 4, 9, 9, 9, 6, 3, 6, 9, 4, 9, 6, 3, 6, 4, 9, 9, 3]
inputdiff:00000000000000000001000000100000
          00000000000000000101000000000000
          00000000000000000100000000000000
          00000000000000000001000000000000
          00000000000000000000000000101000
          00000000000000000000000000001000
          00000000000000000000000000100000
[9, 6, 3, 6, 4, 9, 9, 9, 6, 3, 6, 4, 9, 9, 9, 6, 3, 6, 9, 4, 9, 6, 3, 6, 4, 9, 9, 3, 6]
inputdiff:00000000000000000001000000001000
          00000000000000000001010000000000
          00000000000000000001000000000000
          00000000000000000000010000000000
          00000000000000000000000000101000
          00000000000000000000000000001000
          00000000000000000000000000100000
[9, 6, 3, 6, 4, 9, 9, 9, 6, 3, 6, 4, 9, 9, 9, 6, 3, 6, 9, 4, 9, 6, 3, 6, 4, 9, 9, 3, 6, 6]
inputdiff:00000000000000000000000000100000
          00000000000000000101000000000000
          00000000000000000100000000000000
          00000000000000000001000000000000
          00000000000000000100000000100000
          00000000000000000100000010100000
          00000000000000000100000010000000
          00000000000000000001000000101000
          00000000000000000001000000100000
          00000000000000000001000000001000
[9, 6, 3, 6, 4, 9, 9, 9, 6, 3, 6, 4, 9, 9, 9, 6, 3, 6, 9, 4, 9, 6, 3, 6, 4, 9, 9, 3, 6, 6, 9]
inputdiff:00000000000000000000000000101000
          00000000000000000001000000000000
          00000000000000000001000000101000
          00000000000000000001000000100000
          00000000000000000001000000001000
[9, 6, 3, 6, 4, 9, 9, 9, 6, 3, 6, 4, 9, 9, 9, 6, 3, 6, 9, 4, 9, 6, 3, 6, 4, 9, 9, 3, 6, 6, 9, 4]
inputdiff:00000000000000000010000000000000
          00000000000000000000000001000000
          00000000000000000010000001000000
          00000000000000001000000001000000
          00000000000000001010000001000000
          00000000000000000000000000010000
          00000000000000000000100000010000
          00000000000000000010000000010000
          00000000000000000010100000010000
          00000000000000000000000001010000
[9, 6, 3, 6, 4, 9, 9, 9, 6, 3, 6, 4, 9, 9, 9, 6, 3, 6, 9, 4, 9, 6, 3, 6, 4, 9, 9, 3, 6, 6, 9, 4, 9]
inputdiff:00000000000000000010000001010000
          00000000000000000000000001010000
          00000000000000000000000000010000
          00000000000000000000000001000000
[9, 6, 3, 6, 4, 9, 9, 9, 6, 3, 6, 4, 9, 9, 9, 6, 3, 6, 9, 4, 9, 6, 3, 6, 4, 9, 9, 3, 6, 6, 9, 4, 9, 3]
inputdiff:00000000000000000010000000010000
          00000000000000000010100000000000
          00000000000000000010000000000000
          00000000000000000000100000000000
          00000000000000000000000001010000
          00000000000000000000000000010000
          00000000000000000000000001000000
[9, 6, 3, 6, 4, 9, 9, 9, 6, 3, 6, 4, 9, 9, 9, 6, 3, 6, 9, 4, 9, 6, 3, 6, 4, 9, 9, 3, 6, 6, 9, 4, 9, 3, 6]
inputdiff:00000000000000000010000001000000
          00000000000000001010000000000000
          00000000000000000010000000000000
          00000000000000001000000000000000
          00000000000000000000000001010000
          00000000000000000000000000010000
          00000000000000000000000001000000
[9, 6, 3, 6, 4, 9, 9, 9, 6, 3, 6, 4, 9, 9, 9, 6, 3, 6, 9, 4, 9, 6, 3, 6, 4, 9, 9, 3, 6, 6, 9, 4, 9, 3, 6, 6]
inputdiff:00000000000000000000000001010000
          00000000000000000010000000000000
          00000000000000000010000001010000
          00000000000000000010000000010000
          00000000000000000010000001000000
[9, 6, 3, 6, 4, 9, 9, 9, 6, 3, 6, 4, 9, 9, 9, 6, 3, 6, 9, 4, 9, 6, 3, 6, 4, 9, 9, 3, 6, 6, 9, 4, 9, 3, 6, 6, 4]
inputdiff:00000000000000000000000001000000
          00000000000000001010000000000000
          00000000000000000010000000000000
          00000000000000001000000000000000
          00000000000000001000000001000000
          00000000000000001000000101000000
          00000000000000001000000100000000
          00000000000000000010000001010000
          00000000000000000010000000010000
          00000000000000000010000001000000
[9, 6, 3, 6, 4, 9, 9, 9, 6, 3, 6, 4, 9, 9, 9, 6, 3, 6, 9, 4, 9, 6, 3, 6, 4, 9, 9, 3, 6, 6, 9, 4, 9, 3, 6, 6, 4, 9]
inputdiff:00000000000000000100000000000000
          00000000000000000000000010000000
          00000000000000000100000010000001
          00000000000000000100000010000000
          00000000000000000000000010000001
          00000000000000000000000000100000
          00000000000000000001000000100000
          00000000000000000100000000100000
          00000000000000000101000000100000
          00000000000000000000000010100000
[9, 6, 3, 6, 4, 9, 9, 9, 6, 3, 6, 4, 9, 9, 9, 6, 3, 6, 9, 4, 9, 6, 3, 6, 4, 9, 9, 3, 6, 6, 9, 4, 9, 3, 6, 6, 4, 9, 9]
inputdiff:00000000000000000100000000100000
          00000000000000000101000000000000
          00000000000000000100000000000000
          00000000000000000001000000000000
          00000000000000000000000010100000
          00000000000000000000000000100000
          00000000000000000000000010000000
[9, 6, 3, 6, 4, 9, 9, 9, 6, 3, 6, 4, 9, 9, 9, 6, 3, 6, 9, 4, 9, 6, 3, 6, 4, 9, 9, 3, 6, 6, 9, 4, 9, 3, 6, 6, 4, 9, 9, 6]
inputdiff:00000000000000000100000010100000
          00000000000000000000000010100000
          00000000000000000000000000100000
          00000000000000000000000010000000
[9, 6, 3, 6, 4, 9, 9, 9, 6, 3, 6, 4, 9, 9, 9, 6, 3, 6, 9, 4, 9, 6, 3, 6, 4, 9, 9, 3, 6, 6, 9, 4, 9, 3, 6, 6, 4, 9, 9, 6, 3]
inputdiff:00000000000000000100000010000000
          00000000000000000100000000000001
          00000000000000000100000000000000
          00000000000000000000000000000001
          00000000000000000000000010100000
          00000000000000000000000000100000
          00000000000000000000000010000000
[9, 6, 3, 6, 4, 9, 9, 9, 6, 3, 6, 4, 9, 9, 9, 6, 3, 6, 9, 4, 9, 6, 3, 6, 4, 9, 9, 3, 6, 6, 9, 4, 9, 3, 6, 6, 4, 9, 9, 6, 3, 6]
inputdiff:00000000000000000000000010100000
          00000000000000000100000000000000
          00000000000000000100000000100000
          00000000000000000100000010100000
          00000000000000000100000010000000
[9, 6, 3, 6, 4, 9, 9, 9, 6, 3, 6, 4, 9, 9, 9, 6, 3, 6, 9, 4, 9, 6, 3, 6, 4, 9, 9, 3, 6, 6, 9, 4, 9, 3, 6, 6, 4, 9, 9, 6, 3, 6, 4]
inputdiff:00000000000000000000000010000000
          00000000000000000100000000000001
          00000000000000000100000000000000
          00000000000000000000000000000001
          00000000000000000000000010000001
          00000000000000000000001010000001
          00000000000000000000001000000001
          00000000000000000100000000100000
          00000000000000000100000010100000
          00000000000000000100000010000000
[9, 6, 3, 6, 4, 9, 9, 9, 6, 3, 6, 4, 9, 9, 9, 6, 3, 6, 9, 4, 9, 6, 3, 6, 4, 9, 9, 3, 6, 6, 9, 4, 9, 3, 6, 6, 4, 9, 9, 6, 3, 6, 4, 9]
inputdiff:00000000000000001000000001000000
          00000000000000001010000000000000
          00000000000000000010000000000000
          00000000000000001000000000000000
          00000000000000000000000101000000
          00000000000000000000000001000000
          00000000000000000000000100000000
[9, 6, 3, 6, 4, 9, 9, 9, 6, 3, 6, 4, 9, 9, 9, 6, 3, 6, 9, 4, 9, 6, 3, 6, 4, 9, 9, 3, 6, 6, 9, 4, 9, 3, 6, 6, 4, 9, 9, 6, 3, 6, 4, 9, 6]
inputdiff:00000000000000001000000101000000
          00000000000000000000000101000000
          00000000000000000000000001000000
          00000000000000000000000100000000
[9, 6, 3, 6, 4, 9, 9, 9, 6, 3, 6, 4, 9, 9, 9, 6, 3, 6, 9, 4, 9, 6, 3, 6, 4, 9, 9, 3, 6, 6, 9, 4, 9, 3, 6, 6, 4, 9, 9, 6, 3, 6, 4, 9, 6, 3]
inputdiff:00000000000000000000000101000000
          00000000000000001000000000000000
          00000000000000001000000001000000
          00000000000000001000000101000000
          00000000000000001000000100000000
[9, 6, 3, 6, 4, 9, 9, 9, 6, 3, 6, 4, 9, 9, 9, 6, 3, 6, 9, 4, 9, 6, 3, 6, 4, 9, 9, 3, 6, 6, 9, 4, 9, 3, 6, 6, 4, 9, 9, 6, 3, 6, 4, 9, 6, 3, 4]
inputdiff:00000000000000000000000010000001
          00000000000000000100000000000001
          00000000000000000100000000000000
          00000000000000000000000000000001
          00000000000000000000001010000000
          00000000000000000000000010000000
          00000000000000000000001000000000
[9, 6, 3, 6, 4, 9, 9, 9, 6, 3, 6, 4, 9, 9, 9, 6, 3, 6, 9, 4, 9, 6, 3, 6, 4, 9, 9, 3, 6, 6, 9, 4, 9, 3, 6, 6, 4, 9, 9, 6, 3, 6, 4, 9, 6, 3, 4, 6]
inputdiff:00000000000000000000001010000001
          00000000000000000000001010000000
          00000000000000000000000010000000
          00000000000000000000001000000000
[9, 6, 3, 6, 4, 9, 9, 9, 6, 3, 6, 4, 9, 9, 9, 6, 3, 6, 9, 4, 9, 6, 3, 6, 4, 9, 9, 3, 6, 6, 9, 4, 9, 3, 6, 6, 4, 9, 9, 6, 3, 6, 4, 9, 6, 3, 4, 6, 3]
inputdiff:00000000000000000000001010000000
          00000000000000000000000000000001
          00000000000000000000000010000001
          00000000000000000000001010000001
          00000000000000000000001000000001
[9, 6, 3, 6, 4, 9, 9, 9, 6, 3, 6, 4, 9, 9, 9, 6, 3, 6, 9, 4, 9, 6, 3, 6, 4, 9, 9, 3, 6, 6, 9, 4, 9, 3, 6, 6, 4, 9, 9, 6, 3, 6, 4, 9, 6, 3, 4, 6, 3, 4]
inputdiff:00000000000000000000010100000010
          00000000000000000000010100000000
          00000000000000000000010000000000
          00000000000000000000000100000000
[9, 6, 3, 6, 4, 9, 9, 9, 6, 3, 6, 4, 9, 9, 9, 6, 3, 6, 9, 4, 9, 6, 3, 6, 4, 9, 9, 3, 6, 6, 9, 4, 9, 3, 6, 6, 4, 9, 9, 6, 3, 6, 4, 9, 6, 3, 4, 6, 3, 4, 3]
inputdiff:00000000000000000000010100000000
          00000000000000000000000000000010
          00000000000000000000000100000010
          00000000000000000000010000000010
          00000000000000000000010100000010
[9, 6, 3, 6, 4, 9, 9, 9, 6, 3, 6, 4, 9, 9, 9, 6, 3, 6, 9, 4, 9, 6, 3, 6, 4, 9, 9, 3, 6, 6, 9, 4, 9, 3, 6, 6, 4, 9, 9, 6, 3, 6, 4, 9, 6, 3, 4, 6, 3, 4, 3, 4]
inputdiff:00000000000000000000101000000100
          00000000000000000000101000000000
          00000000000000000000001000000000
          00000000000000000000100000000000
[9, 6, 3, 6, 4, 9, 9, 9, 6, 3, 6, 4, 9, 9, 9, 6, 3, 6, 9, 4, 9, 6, 3, 6, 4, 9, 9, 3, 6, 6, 9, 4, 9, 3, 6, 6, 4, 9, 9, 6, 3, 6, 4, 9, 6, 3, 4, 6, 3, 4, 3, 4, 3]
inputdiff:00000000000000000000101000000000
          00000000000000000000000000000100
          00000000000000000000001000000100
          00000000000000000000100000000100
          00000000000000000000101000000100
[9, 6, 3, 6, 4, 9, 9, 9, 6, 3, 6, 4, 9, 9, 9, 6, 3, 6, 9, 4, 9, 6, 3, 6, 4, 9, 9, 3, 6, 6, 9, 4, 9, 3, 6, 6, 4, 9, 9, 6, 3, 6, 4, 9, 6, 3, 4, 6, 3, 4, 3, 4, 3, 4]
inputdiff:00000000000000000001010000001000
          00000000000000000001010000000000
          00000000000000000001000000000000
          00000000000000000000010000000000
[9, 6, 3, 6, 4, 9, 9, 9, 6, 3, 6, 4, 9, 9, 9, 6, 3, 6, 9, 4, 9, 6, 3, 6, 4, 9, 9, 3, 6, 6, 9, 4, 9, 3, 6, 6, 4, 9, 9, 6, 3, 6, 4, 9, 6, 3, 4, 6, 3, 4, 3, 4, 3, 4, 3]
inputdiff:00000000000000000001010000000000
          00000000000000000000000000001000
          00000000000000000000010000001000
          00000000000000000001000000001000
          00000000000000000001010000001000
[9, 6, 3, 6, 4, 9, 9, 9, 6, 3, 6, 4, 9, 9, 9, 6, 3, 6, 9, 4, 9, 6, 3, 6, 4, 9, 9, 3, 6, 6, 9, 4, 9, 3, 6, 6, 4, 9, 9, 6, 3, 6, 4, 9, 6, 3, 4, 6, 3, 4, 3, 4, 3, 4, 3, 4]
inputdiff:00000000000000000010100000010000
          00000000000000000010100000000000
          00000000000000000010000000000000
          00000000000000000000100000000000
[9, 6, 3, 6, 4, 9, 9, 9, 6, 3, 6, 4, 9, 9, 9, 6, 3, 6, 9, 4, 9, 6, 3, 6, 4, 9, 9, 3, 6, 6, 9, 4, 9, 3, 6, 6, 4, 9, 9, 6, 3, 6, 4, 9, 6, 3, 4, 6, 3, 4, 3, 4, 3, 4, 3, 4, 3]
inputdiff:00000000000000000010100000000000
          00000000000000000000000000010000
          00000000000000000000100000010000
          00000000000000000010000000010000
          00000000000000000010100000010000
[9, 6, 3, 6, 4, 9, 9, 9, 6, 3, 6, 4, 9, 9, 9, 6, 3, 6, 9, 4, 9, 6, 3, 6, 4, 9, 9, 3, 6, 6, 9, 4, 9, 3, 6, 6, 4, 9, 9, 6, 3, 6, 4, 9, 6, 3, 4, 6, 3, 4, 3, 4, 3, 4, 3, 4, 3, 4]
inputdiff:00000000000000000101000000100000
          00000000000000000101000000000000
          00000000000000000100000000000000
          00000000000000000001000000000000
[9, 6, 3, 6, 4, 9, 9, 9, 6, 3, 6, 4, 9, 9, 9, 6, 3, 6, 9, 4, 9, 6, 3, 6, 4, 9, 9, 3, 6, 6, 9, 4, 9, 3, 6, 6, 4, 9, 9, 6, 3, 6, 4, 9, 6, 3, 4, 6, 3, 4, 3, 4, 3, 4, 3, 4, 3, 4, 3]
inputdiff:00000000000000000101000000000000
          00000000000000000000000000100000
          00000000000000000001000000100000
          00000000000000000100000000100000
          00000000000000000101000000100000
[9, 6, 3, 6, 4, 9, 9, 9, 6, 3, 6, 4, 9, 9, 9, 6, 3, 6, 9, 4, 9, 6, 3, 6, 4, 9, 9, 3, 6, 6, 9, 4, 9, 3, 6, 6, 4, 9, 9, 6, 3, 6, 4, 9, 6, 3, 4, 6, 3, 4, 3, 4, 3, 4, 3, 4, 3, 4, 3, 4]
inputdiff:00000000000000001010000001000000
          00000000000000001010000000000000
          00000000000000000010000000000000
          00000000000000001000000000000000
[9, 6, 3, 6, 4, 9, 9, 9, 6, 3, 6, 4, 9, 9, 9, 6, 3, 6, 9, 4, 9, 6, 3, 6, 4, 9, 9, 3, 6, 6, 9, 4, 9, 3, 6, 6, 4, 9, 9, 6, 3, 6, 4, 9, 6, 3, 4, 6, 3, 4, 3, 4, 3, 4, 3, 4, 3, 4, 3, 4, 3]
inputdiff:00000000000000001010000000000000
          00000000000000000000000001000000
          00000000000000000010000001000000
          00000000000000001000000001000000
          00000000000000001010000001000000
[9, 6, 3, 6, 4, 9, 9, 9, 6, 3, 6, 4, 9, 9, 9, 6, 3, 6, 9, 4, 9, 6, 3, 6, 4, 9, 9, 3, 6, 6, 9, 4, 9, 3, 6, 6, 4, 9, 9, 6, 3, 6, 4, 9, 6, 3, 4, 6, 3, 4, 3, 4, 3, 4, 3, 4, 3, 4, 3, 4, 3, 4]
inputdiff:00000000000000000100000010000001
          00000000000000000100000000000001
          00000000000000000100000000000000
          00000000000000000000000000000001
[9, 6, 3, 6, 4, 9, 9, 9, 6, 3, 6, 4, 9, 9, 9, 6, 3, 6, 9, 4, 9, 6, 3, 6, 4, 9, 9, 3, 6, 6, 9, 4, 9, 3, 6, 6, 4, 9, 9, 6, 3, 6, 4, 9, 6, 3, 4, 6, 3, 4, 3, 4, 3, 4, 3, 4, 3, 4, 3, 4, 3, 4, 3]
inputdiff:00000000000000000100000000000001
          00000000000000000000000010000000
          00000000000000000100000010000001
          00000000000000000100000010000000
          00000000000000000000000010000001
[9, 6, 3, 6, 4, 9, 9, 9, 6, 3, 6, 4, 9, 9, 9, 6, 3, 6, 9, 4, 9, 6, 3, 6, 4, 9, 9, 3, 6, 6, 9, 4, 9, 3, 6, 6, 4, 9, 9, 6, 3, 6, 4, 9, 6, 3, 4, 6, 3, 4, 3, 4, 3, 4, 3, 4, 3, 4, 3, 4, 3, 4, 3, 4]
