inputdiff:10000000000000000000000000000000
          10000000000000000000000000000000
          10000000000000000000000000000000
          10000000000000000000000000000000

          00000000000000000000000000000000
          00000000000000000000000000000000
          00010000000000000000000000000000
          00000000000000000000000000000000

          00000000000000000000000000000000
          00000000000000000000000000000000
          00001000000000000000000000000000
          00000000000000000000000000000000

          00000000000000000000000000000000
          00000000000000000000000000000000
          00011000000000000000000000000000
          00000000000000000000000000000000

          00000000000000000000000000000000
          00000000000000000000000000000000
          00000100000000000000000000000000
          00000000000000000000000000000000

          00000000000000000000000000000000
          00000000000000000000000000000000
          00011100000000000000000000000000
          00000000000000000000000000000000

          00000000000000000000000000000000
          00000000000000000000000000000000
          00010100000000000000000000000000
          00000000000000000000000000000000

          00000000000000000000000000000000
          00000000000000000000000000000000
          00001100000000000000000000000000
          00000000000000000000000000000000
[7]
