inputdiff:0000000000000000000000000000000010000000111010011000000000000000
          0000000000000000000000000000000000000000100000000000000000000000
[1]
inputdiff:0000000000000000000000000000000010000000111010010000000000000000
          0000000000000000000000000000000000000000100000000000000000000000
[1, 1]
inputdiff:0000000000000000000000000000000000000000000000001000000000000000
          0000000000000000000000001000000011101001100000000000000000000000
          0000000000000000000000001000000011101001000000000000000000000000
[1, 1, 2]
inputdiff:1000000011101001100000000000000000000000000000000000000000000000
          0000000010000000000000000000000000000000000000000000000000000000
[1, 1, 2, 1]
inputdiff:1000000011101001000000000000000000000000000000000000000000000000
          0000000010000000000000000000000000000000000000000000000000000000
[1, 1, 2, 1, 1]
inputdiff:0000000000000000100000000000000000000000000000000000000000000000
          1110100100000000000000000000000000000000000000000000000010000000
          1110100110000000000000000000000000000000000000000000000010000000
[1, 1, 2, 1, 1, 2]
