128 正12 value=0：0000000000000000000000000000000000000000000000000000000000000000
                  0100000000000000000000000000000000000000000000000000000000000001
    逆7  value=1：0000000000000000000000000000000000000000000000000000000000000000
                  1000000000000000000000000000000100000000000000000000000000000000

64 正7 value=0 00000000000000000000000000000000
               01000000000000000000000000000001
   逆6 value=1 0000000000000000000000000000000001000000100000010200001220001010

32 正6 value=0 00000000000000000100000000000001
   逆5 value=1 00000000000000000100000010000002

0000000000000000 0000000000000010
 0000000000000010 0000000000000000
0000002000001200 0000000000000010
0000220000122020 0000002000001200
0022202012222200 0000220000122020
2222221222222020 0022202012222200
2222222222222222 2222221222222020

0000000000000000 0000010000000000
0000010000000000 0000000000000000
0001200000000200 0000010000000000
0122020000022000 0001200000000200
2222200002220201 0122020000022000
2222020222222122 2222200002220201
2222222222222222 2222020222222122