(-1, 0, -1, 0, -1, 0, -1, 0, -1, 0, -1, 0, -1, 0, -1, 0, 17) x + 7 >= 0
(0, 1, -1, 0, -1, 0, -1, 0, -1, 0, -1, 0, -1, 0, -1, 0, 17) x + 6 >= 0
(-1, 0, 0, 1, -1, 0, -1, 0, -1, 0, -1, 0, -1, 0, -1, 0, 17) x + 6 >= 0
(-1, 0, -1, 0, 0, 1, -1, 0, -1, 0, -1, 0, -1, 0, -1, 0, 17) x + 6 >= 0
(-1, 0, -1, 0, -1, 0, 0, 1, -1, 0, -1, 0, -1, 0, -1, 0, 17) x + 6 >= 0
(-1, 0, -1, 0, -1, 0, -1, 0, 0, 1, -1, 0, -1, 0, -1, 0, 17) x + 6 >= 0
(-1, 0, -1, 0, -1, 0, -1, 0, -1, 0, 0, 1, -1, 0, -1, 0, 17) x + 6 >= 0
(-1, 0, -1, 0, -1, 0, -1, 0, -1, 0, -1, 0, 0, 1, -1, 0, 17) x + 6 >= 0
(-1, 0, -1, 0, -1, 0, -1, 0, -1, 0, -1, 0, -1, 0, 0, 1, 17) x + 6 >= 0
(0, 1, 0, 1, -1, 0, -1, 0, -1, 0, -1, 0, -1, 0, -1, 0, 17) x + 5 >= 0
(0, 1, -1, 0, 0, 1, -1, 0, -1, 0, -1, 0, -1, 0, -1, 0, 17) x + 5 >= 0
(-1, 0, 0, 1, 0, 1, -1, 0, -1, 0, -1, 0, -1, 0, -1, 0, 17) x + 5 >= 0
(0, 1, -1, 0, -1, 0, 0, 1, -1, 0, -1, 0, -1, 0, -1, 0, 17) x + 5 >= 0
(-1, 0, 0, 1, -1, 0, 0, 1, -1, 0, -1, 0, -1, 0, -1, 0, 17) x + 5 >= 0
(-1, 0, -1, 0, 0, 1, 0, 1, -1, 0, -1, 0, -1, 0, -1, 0, 17) x + 5 >= 0
(0, 1, -1, 0, -1, 0, -1, 0, 0, 1, -1, 0, -1, 0, -1, 0, 17) x + 5 >= 0
(-1, 0, 0, 1, -1, 0, -1, 0, 0, 1, -1, 0, -1, 0, -1, 0, 17) x + 5 >= 0
(-1, 0, -1, 0, 0, 1, -1, 0, 0, 1, -1, 0, -1, 0, -1, 0, 17) x + 5 >= 0
(-1, 0, -1, 0, -1, 0, 0, 1, 0, 1, -1, 0, -1, 0, -1, 0, 17) x + 5 >= 0
(0, 1, -1, 0, -1, 0, -1, 0, -1, 0, 0, 1, -1, 0, -1, 0, 17) x + 5 >= 0
(-1, 0, 0, 1, -1, 0, -1, 0, -1, 0, 0, 1, -1, 0, -1, 0, 17) x + 5 >= 0
(-1, 0, -1, 0, 0, 1, -1, 0, -1, 0, 0, 1, -1, 0, -1, 0, 17) x + 5 >= 0
(-1, 0, -1, 0, -1, 0, 0, 1, -1, 0, 0, 1, -1, 0, -1, 0, 17) x + 5 >= 0
(-1, 0, -1, 0, -1, 0, -1, 0, 0, 1, 0, 1, -1, 0, -1, 0, 17) x + 5 >= 0
(0, 1, -1, 0, -1, 0, -1, 0, -1, 0, -1, 0, 0, 1, -1, 0, 17) x + 5 >= 0
(-1, 0, 0, 1, -1, 0, -1, 0, -1, 0, -1, 0, 0, 1, -1, 0, 17) x + 5 >= 0
(-1, 0, -1, 0, 0, 1, -1, 0, -1, 0, -1, 0, 0, 1, -1, 0, 17) x + 5 >= 0
(-1, 0, -1, 0, -1, 0, 0, 1, -1, 0, -1, 0, 0, 1, -1, 0, 17) x + 5 >= 0
(-1, 0, -1, 0, -1, 0, -1, 0, 0, 1, -1, 0, 0, 1, -1, 0, 17) x + 5 >= 0
(-1, 0, -1, 0, -1, 0, -1, 0, -1, 0, 0, 1, 0, 1, -1, 0, 17) x + 5 >= 0
(0, 1, -1, 0, -1, 0, -1, 0, -1, 0, -1, 0, -1, 0, 0, 1, 17) x + 5 >= 0
(-1, 0, 0, 1, -1, 0, -1, 0, -1, 0, -1, 0, -1, 0, 0, 1, 17) x + 5 >= 0
(-1, 0, -1, 0, 0, 1, -1, 0, -1, 0, -1, 0, -1, 0, 0, 1, 17) x + 5 >= 0
(-1, 0, -1, 0, -1, 0, 0, 1, -1, 0, -1, 0, -1, 0, 0, 1, 17) x + 5 >= 0
(-1, 0, -1, 0, -1, 0, -1, 0, 0, 1, -1, 0, -1, 0, 0, 1, 17) x + 5 >= 0
(-1, 0, -1, 0, -1, 0, -1, 0, -1, 0, 0, 1, -1, 0, 0, 1, 17) x + 5 >= 0
(-1, 0, -1, 0, -1, 0, -1, 0, -1, 0, -1, 0, 0, 1, 0, 1, 17) x + 5 >= 0
(0, 1, 0, 1, 0, 1, -1, 0, -1, 0, -1, 0, -1, 0, -1, 0, 17) x + 4 >= 0
(0, 1, 0, 1, -1, 0, 0, 1, -1, 0, -1, 0, -1, 0, -1, 0, 17) x + 4 >= 0
(0, 1, -1, 0, 0, 1, 0, 1, -1, 0, -1, 0, -1, 0, -1, 0, 17) x + 4 >= 0
(-1, 0, 0, 1, 0, 1, 0, 1, -1, 0, -1, 0, -1, 0, -1, 0, 17) x + 4 >= 0
(0, 1, 0, 1, -1, 0, -1, 0, 0, 1, -1, 0, -1, 0, -1, 0, 17) x + 4 >= 0
(0, 1, -1, 0, 0, 1, -1, 0, 0, 1, -1, 0, -1, 0, -1, 0, 17) x + 4 >= 0
(-1, 0, 0, 1, 0, 1, -1, 0, 0, 1, -1, 0, -1, 0, -1, 0, 17) x + 4 >= 0
(0, 1, -1, 0, -1, 0, 0, 1, 0, 1, -1, 0, -1, 0, -1, 0, 17) x + 4 >= 0
(-1, 0, 0, 1, -1, 0, 0, 1, 0, 1, -1, 0, -1, 0, -1, 0, 17) x + 4 >= 0
(-1, 0, -1, 0, 0, 1, 0, 1, 0, 1, -1, 0, -1, 0, -1, 0, 17) x + 4 >= 0
(0, 1, 0, 1, -1, 0, -1, 0, -1, 0, 0, 1, -1, 0, -1, 0, 17) x + 4 >= 0
(0, 1, -1, 0, 0, 1, -1, 0, -1, 0, 0, 1, -1, 0, -1, 0, 17) x + 4 >= 0
(-1, 0, 0, 1, 0, 1, -1, 0, -1, 0, 0, 1, -1, 0, -1, 0, 17) x + 4 >= 0
(0, 1, -1, 0, -1, 0, 0, 1, -1, 0, 0, 1, -1, 0, -1, 0, 17) x + 4 >= 0
(-1, 0, 0, 1, -1, 0, 0, 1, -1, 0, 0, 1, -1, 0, -1, 0, 17) x + 4 >= 0
(-1, 0, -1, 0, 0, 1, 0, 1, -1, 0, 0, 1, -1, 0, -1, 0, 17) x + 4 >= 0
(0, 1, -1, 0, -1, 0, -1, 0, 0, 1, 0, 1, -1, 0, -1, 0, 17) x + 4 >= 0
(-1, 0, 0, 1, -1, 0, -1, 0, 0, 1, 0, 1, -1, 0, -1, 0, 17) x + 4 >= 0
(-1, 0, -1, 0, 0, 1, -1, 0, 0, 1, 0, 1, -1, 0, -1, 0, 17) x + 4 >= 0
(-1, 0, -1, 0, -1, 0, 0, 1, 0, 1, 0, 1, -1, 0, -1, 0, 17) x + 4 >= 0
(0, 1, 0, 1, -1, 0, -1, 0, -1, 0, -1, 0, 0, 1, -1, 0, 17) x + 4 >= 0
(0, 1, -1, 0, 0, 1, -1, 0, -1, 0, -1, 0, 0, 1, -1, 0, 17) x + 4 >= 0
(-1, 0, 0, 1, 0, 1, -1, 0, -1, 0, -1, 0, 0, 1, -1, 0, 17) x + 4 >= 0
(0, 1, -1, 0, -1, 0, 0, 1, -1, 0, -1, 0, 0, 1, -1, 0, 17) x + 4 >= 0
(-1, 0, 0, 1, -1, 0, 0, 1, -1, 0, -1, 0, 0, 1, -1, 0, 17) x + 4 >= 0
(-1, 0, -1, 0, 0, 1, 0, 1, -1, 0, -1, 0, 0, 1, -1, 0, 17) x + 4 >= 0
(0, 1, -1, 0, -1, 0, -1, 0, 0, 1, -1, 0, 0, 1, -1, 0, 17) x + 4 >= 0
(-1, 0, 0, 1, -1, 0, -1, 0, 0, 1, -1, 0, 0, 1, -1, 0, 17) x + 4 >= 0
(-1, 0, -1, 0, 0, 1, -1, 0, 0, 1, -1, 0, 0, 1, -1, 0, 17) x + 4 >= 0
(-1, 0, -1, 0, -1, 0, 0, 1, 0, 1, -1, 0, 0, 1, -1, 0, 17) x + 4 >= 0
(0, 1, -1, 0, -1, 0, -1, 0, -1, 0, 0, 1, 0, 1, -1, 0, 17) x + 4 >= 0
(-1, 0, 0, 1, -1, 0, -1, 0, -1, 0, 0, 1, 0, 1, -1, 0, 17) x + 4 >= 0
(-1, 0, -1, 0, 0, 1, -1, 0, -1, 0, 0, 1, 0, 1, -1, 0, 17) x + 4 >= 0
(-1, 0, -1, 0, -1, 0, 0, 1, -1, 0, 0, 1, 0, 1, -1, 0, 17) x + 4 >= 0
(-1, 0, -1, 0, -1, 0, -1, 0, 0, 1, 0, 1, 0, 1, -1, 0, 17) x + 4 >= 0
(0, 1, 0, 1, -1, 0, -1, 0, -1, 0, -1, 0, -1, 0, 0, 1, 17) x + 4 >= 0
(0, 1, -1, 0, 0, 1, -1, 0, -1, 0, -1, 0, -1, 0, 0, 1, 17) x + 4 >= 0
(-1, 0, 0, 1, 0, 1, -1, 0, -1, 0, -1, 0, -1, 0, 0, 1, 17) x + 4 >= 0
(0, 1, -1, 0, -1, 0, 0, 1, -1, 0, -1, 0, -1, 0, 0, 1, 17) x + 4 >= 0
(-1, 0, 0, 1, -1, 0, 0, 1, -1, 0, -1, 0, -1, 0, 0, 1, 17) x + 4 >= 0
(-1, 0, -1, 0, 0, 1, 0, 1, -1, 0, -1, 0, -1, 0, 0, 1, 17) x + 4 >= 0
(0, 1, -1, 0, -1, 0, -1, 0, 0, 1, -1, 0, -1, 0, 0, 1, 17) x + 4 >= 0
(-1, 0, 0, 1, -1, 0, -1, 0, 0, 1, -1, 0, -1, 0, 0, 1, 17) x + 4 >= 0
(-1, 0, -1, 0, 0, 1, -1, 0, 0, 1, -1, 0, -1, 0, 0, 1, 17) x + 4 >= 0
(-1, 0, -1, 0, -1, 0, 0, 1, 0, 1, -1, 0, -1, 0, 0, 1, 17) x + 4 >= 0
(0, 1, -1, 0, -1, 0, -1, 0, -1, 0, 0, 1, -1, 0, 0, 1, 17) x + 4 >= 0
(-1, 0, 0, 1, -1, 0, -1, 0, -1, 0, 0, 1, -1, 0, 0, 1, 17) x + 4 >= 0
(-1, 0, -1, 0, 0, 1, -1, 0, -1, 0, 0, 1, -1, 0, 0, 1, 17) x + 4 >= 0
(-1, 0, -1, 0, -1, 0, 0, 1, -1, 0, 0, 1, -1, 0, 0, 1, 17) x + 4 >= 0
(-1, 0, -1, 0, -1, 0, -1, 0, 0, 1, 0, 1, -1, 0, 0, 1, 17) x + 4 >= 0
(0, 1, -1, 0, -1, 0, -1, 0, -1, 0, -1, 0, 0, 1, 0, 1, 17) x + 4 >= 0
(-1, 0, 0, 1, -1, 0, -1, 0, -1, 0, -1, 0, 0, 1, 0, 1, 17) x + 4 >= 0
(-1, 0, -1, 0, 0, 1, -1, 0, -1, 0, -1, 0, 0, 1, 0, 1, 17) x + 4 >= 0
(-1, 0, -1, 0, -1, 0, 0, 1, -1, 0, -1, 0, 0, 1, 0, 1, 17) x + 4 >= 0
(-1, 0, -1, 0, -1, 0, -1, 0, 0, 1, -1, 0, 0, 1, 0, 1, 17) x + 4 >= 0
(-1, 0, -1, 0, -1, 0, -1, 0, -1, 0, 0, 1, 0, 1, 0, 1, 17) x + 4 >= 0
(0, 1, 0, 1, 0, 1, 0, 1, -1, 0, -1, 0, -1, 0, -1, 0, 17) x + 3 >= 0
(0, 1, 0, 1, 0, 1, -1, 0, 0, 1, -1, 0, -1, 0, -1, 0, 17) x + 3 >= 0
(0, 1, 0, 1, -1, 0, 0, 1, 0, 1, -1, 0, -1, 0, -1, 0, 17) x + 3 >= 0
(0, 1, -1, 0, 0, 1, 0, 1, 0, 1, -1, 0, -1, 0, -1, 0, 17) x + 3 >= 0
(-1, 0, 0, 1, 0, 1, 0, 1, 0, 1, -1, 0, -1, 0, -1, 0, 17) x + 3 >= 0
(0, 1, 0, 1, 0, 1, -1, 0, -1, 0, 0, 1, -1, 0, -1, 0, 17) x + 3 >= 0
(0, 1, 0, 1, -1, 0, 0, 1, -1, 0, 0, 1, -1, 0, -1, 0, 17) x + 3 >= 0
(0, 1, -1, 0, 0, 1, 0, 1, -1, 0, 0, 1, -1, 0, -1, 0, 17) x + 3 >= 0
(-1, 0, 0, 1, 0, 1, 0, 1, -1, 0, 0, 1, -1, 0, -1, 0, 17) x + 3 >= 0
(0, 1, 0, 1, -1, 0, -1, 0, 0, 1, 0, 1, -1, 0, -1, 0, 17) x + 3 >= 0
(0, 1, -1, 0, 0, 1, -1, 0, 0, 1, 0, 1, -1, 0, -1, 0, 17) x + 3 >= 0
(-1, 0, 0, 1, 0, 1, -1, 0, 0, 1, 0, 1, -1, 0, -1, 0, 17) x + 3 >= 0
(0, 1, -1, 0, -1, 0, 0, 1, 0, 1, 0, 1, -1, 0, -1, 0, 17) x + 3 >= 0
(-1, 0, 0, 1, -1, 0, 0, 1, 0, 1, 0, 1, -1, 0, -1, 0, 17) x + 3 >= 0
(-1, 0, -1, 0, 0, 1, 0, 1, 0, 1, 0, 1, -1, 0, -1, 0, 17) x + 3 >= 0
(0, 1, 0, 1, 0, 1, -1, 0, -1, 0, -1, 0, 0, 1, -1, 0, 17) x + 3 >= 0
(0, 1, 0, 1, -1, 0, 0, 1, -1, 0, -1, 0, 0, 1, -1, 0, 17) x + 3 >= 0
(0, 1, -1, 0, 0, 1, 0, 1, -1, 0, -1, 0, 0, 1, -1, 0, 17) x + 3 >= 0
(-1, 0, 0, 1, 0, 1, 0, 1, -1, 0, -1, 0, 0, 1, -1, 0, 17) x + 3 >= 0
(0, 1, 0, 1, -1, 0, -1, 0, 0, 1, -1, 0, 0, 1, -1, 0, 17) x + 3 >= 0
(0, 1, -1, 0, 0, 1, -1, 0, 0, 1, -1, 0, 0, 1, -1, 0, 17) x + 3 >= 0
(-1, 0, 0, 1, 0, 1, -1, 0, 0, 1, -1, 0, 0, 1, -1, 0, 17) x + 3 >= 0
(0, 1, -1, 0, -1, 0, 0, 1, 0, 1, -1, 0, 0, 1, -1, 0, 17) x + 3 >= 0
(-1, 0, 0, 1, -1, 0, 0, 1, 0, 1, -1, 0, 0, 1, -1, 0, 17) x + 3 >= 0
(-1, 0, -1, 0, 0, 1, 0, 1, 0, 1, -1, 0, 0, 1, -1, 0, 17) x + 3 >= 0
(0, 1, 0, 1, -1, 0, -1, 0, -1, 0, 0, 1, 0, 1, -1, 0, 17) x + 3 >= 0
(0, 1, -1, 0, 0, 1, -1, 0, -1, 0, 0, 1, 0, 1, -1, 0, 17) x + 3 >= 0
(-1, 0, 0, 1, 0, 1, -1, 0, -1, 0, 0, 1, 0, 1, -1, 0, 17) x + 3 >= 0
(0, 1, -1, 0, -1, 0, 0, 1, -1, 0, 0, 1, 0, 1, -1, 0, 17) x + 3 >= 0
(-1, 0, 0, 1, -1, 0, 0, 1, -1, 0, 0, 1, 0, 1, -1, 0, 17) x + 3 >= 0
(-1, 0, -1, 0, 0, 1, 0, 1, -1, 0, 0, 1, 0, 1, -1, 0, 17) x + 3 >= 0
(0, 1, -1, 0, -1, 0, -1, 0, 0, 1, 0, 1, 0, 1, -1, 0, 17) x + 3 >= 0
(-1, 0, 0, 1, -1, 0, -1, 0, 0, 1, 0, 1, 0, 1, -1, 0, 17) x + 3 >= 0
(-1, 0, -1, 0, 0, 1, -1, 0, 0, 1, 0, 1, 0, 1, -1, 0, 17) x + 3 >= 0
(-1, 0, -1, 0, -1, 0, 0, 1, 0, 1, 0, 1, 0, 1, -1, 0, 17) x + 3 >= 0
(0, 1, 0, 1, 0, 1, -1, 0, -1, 0, -1, 0, -1, 0, 0, 1, 17) x + 3 >= 0
(0, 1, 0, 1, -1, 0, 0, 1, -1, 0, -1, 0, -1, 0, 0, 1, 17) x + 3 >= 0
(0, 1, -1, 0, 0, 1, 0, 1, -1, 0, -1, 0, -1, 0, 0, 1, 17) x + 3 >= 0
(-1, 0, 0, 1, 0, 1, 0, 1, -1, 0, -1, 0, -1, 0, 0, 1, 17) x + 3 >= 0
(0, 1, 0, 1, -1, 0, -1, 0, 0, 1, -1, 0, -1, 0, 0, 1, 17) x + 3 >= 0
(0, 1, -1, 0, 0, 1, -1, 0, 0, 1, -1, 0, -1, 0, 0, 1, 17) x + 3 >= 0
(-1, 0, 0, 1, 0, 1, -1, 0, 0, 1, -1, 0, -1, 0, 0, 1, 17) x + 3 >= 0
(0, 1, -1, 0, -1, 0, 0, 1, 0, 1, -1, 0, -1, 0, 0, 1, 17) x + 3 >= 0
(-1, 0, 0, 1, -1, 0, 0, 1, 0, 1, -1, 0, -1, 0, 0, 1, 17) x + 3 >= 0
(-1, 0, -1, 0, 0, 1, 0, 1, 0, 1, -1, 0, -1, 0, 0, 1, 17) x + 3 >= 0
(0, 1, 0, 1, -1, 0, -1, 0, -1, 0, 0, 1, -1, 0, 0, 1, 17) x + 3 >= 0
(0, 1, -1, 0, 0, 1, -1, 0, -1, 0, 0, 1, -1, 0, 0, 1, 17) x + 3 >= 0
(-1, 0, 0, 1, 0, 1, -1, 0, -1, 0, 0, 1, -1, 0, 0, 1, 17) x + 3 >= 0
(0, 1, -1, 0, -1, 0, 0, 1, -1, 0, 0, 1, -1, 0, 0, 1, 17) x + 3 >= 0
(-1, 0, 0, 1, -1, 0, 0, 1, -1, 0, 0, 1, -1, 0, 0, 1, 17) x + 3 >= 0
(-1, 0, -1, 0, 0, 1, 0, 1, -1, 0, 0, 1, -1, 0, 0, 1, 17) x + 3 >= 0
(0, 1, -1, 0, -1, 0, -1, 0, 0, 1, 0, 1, -1, 0, 0, 1, 17) x + 3 >= 0
(-1, 0, 0, 1, -1, 0, -1, 0, 0, 1, 0, 1, -1, 0, 0, 1, 17) x + 3 >= 0
(-1, 0, -1, 0, 0, 1, -1, 0, 0, 1, 0, 1, -1, 0, 0, 1, 17) x + 3 >= 0
(-1, 0, -1, 0, -1, 0, 0, 1, 0, 1, 0, 1, -1, 0, 0, 1, 17) x + 3 >= 0
(0, 1, 0, 1, -1, 0, -1, 0, -1, 0, -1, 0, 0, 1, 0, 1, 17) x + 3 >= 0
(0, 1, -1, 0, 0, 1, -1, 0, -1, 0, -1, 0, 0, 1, 0, 1, 17) x + 3 >= 0
(-1, 0, 0, 1, 0, 1, -1, 0, -1, 0, -1, 0, 0, 1, 0, 1, 17) x + 3 >= 0
(0, 1, -1, 0, -1, 0, 0, 1, -1, 0, -1, 0, 0, 1, 0, 1, 17) x + 3 >= 0
(-1, 0, 0, 1, -1, 0, 0, 1, -1, 0, -1, 0, 0, 1, 0, 1, 17) x + 3 >= 0
(-1, 0, -1, 0, 0, 1, 0, 1, -1, 0, -1, 0, 0, 1, 0, 1, 17) x + 3 >= 0
(0, 1, -1, 0, -1, 0, -1, 0, 0, 1, -1, 0, 0, 1, 0, 1, 17) x + 3 >= 0
(-1, 0, 0, 1, -1, 0, -1, 0, 0, 1, -1, 0, 0, 1, 0, 1, 17) x + 3 >= 0
(-1, 0, -1, 0, 0, 1, -1, 0, 0, 1, -1, 0, 0, 1, 0, 1, 17) x + 3 >= 0
(-1, 0, -1, 0, -1, 0, 0, 1, 0, 1, -1, 0, 0, 1, 0, 1, 17) x + 3 >= 0
(0, 1, -1, 0, -1, 0, -1, 0, -1, 0, 0, 1, 0, 1, 0, 1, 17) x + 3 >= 0
(-1, 0, 0, 1, -1, 0, -1, 0, -1, 0, 0, 1, 0, 1, 0, 1, 17) x + 3 >= 0
(-1, 0, -1, 0, 0, 1, -1, 0, -1, 0, 0, 1, 0, 1, 0, 1, 17) x + 3 >= 0
(-1, 0, -1, 0, -1, 0, 0, 1, -1, 0, 0, 1, 0, 1, 0, 1, 17) x + 3 >= 0
(-1, 0, -1, 0, -1, 0, -1, 0, 0, 1, 0, 1, 0, 1, 0, 1, 17) x + 3 >= 0
(0, 1, 0, 1, 0, 1, 0, 1, 0, 1, -1, 0, -1, 0, -1, 0, 17) x + 2 >= 0
(0, 1, 0, 1, 0, 1, 0, 1, -1, 0, 0, 1, -1, 0, -1, 0, 17) x + 2 >= 0
(0, 1, 0, 1, 0, 1, -1, 0, 0, 1, 0, 1, -1, 0, -1, 0, 17) x + 2 >= 0
(0, 1, 0, 1, -1, 0, 0, 1, 0, 1, 0, 1, -1, 0, -1, 0, 17) x + 2 >= 0
(0, 1, -1, 0, 0, 1, 0, 1, 0, 1, 0, 1, -1, 0, -1, 0, 17) x + 2 >= 0
(-1, 0, 0, 1, 0, 1, 0, 1, 0, 1, 0, 1, -1, 0, -1, 0, 17) x + 2 >= 0
(0, 1, 0, 1, 0, 1, 0, 1, -1, 0, -1, 0, 0, 1, -1, 0, 17) x + 2 >= 0
(0, 1, 0, 1, 0, 1, -1, 0, 0, 1, -1, 0, 0, 1, -1, 0, 17) x + 2 >= 0
(0, 1, 0, 1, -1, 0, 0, 1, 0, 1, -1, 0, 0, 1, -1, 0, 17) x + 2 >= 0
(0, 1, -1, 0, 0, 1, 0, 1, 0, 1, -1, 0, 0, 1, -1, 0, 17) x + 2 >= 0
(-1, 0, 0, 1, 0, 1, 0, 1, 0, 1, -1, 0, 0, 1, -1, 0, 17) x + 2 >= 0
(0, 1, 0, 1, 0, 1, -1, 0, -1, 0, 0, 1, 0, 1, -1, 0, 17) x + 2 >= 0
(0, 1, 0, 1, -1, 0, 0, 1, -1, 0, 0, 1, 0, 1, -1, 0, 17) x + 2 >= 0
(0, 1, -1, 0, 0, 1, 0, 1, -1, 0, 0, 1, 0, 1, -1, 0, 17) x + 2 >= 0
(-1, 0, 0, 1, 0, 1, 0, 1, -1, 0, 0, 1, 0, 1, -1, 0, 17) x + 2 >= 0
(0, 1, 0, 1, -1, 0, -1, 0, 0, 1, 0, 1, 0, 1, -1, 0, 17) x + 2 >= 0
(0, 1, -1, 0, 0, 1, -1, 0, 0, 1, 0, 1, 0, 1, -1, 0, 17) x + 2 >= 0
(-1, 0, 0, 1, 0, 1, -1, 0, 0, 1, 0, 1, 0, 1, -1, 0, 17) x + 2 >= 0
(0, 1, -1, 0, -1, 0, 0, 1, 0, 1, 0, 1, 0, 1, -1, 0, 17) x + 2 >= 0
(-1, 0, 0, 1, -1, 0, 0, 1, 0, 1, 0, 1, 0, 1, -1, 0, 17) x + 2 >= 0
(-1, 0, -1, 0, 0, 1, 0, 1, 0, 1, 0, 1, 0, 1, -1, 0, 17) x + 2 >= 0
(0, 1, 0, 1, 0, 1, 0, 1, -1, 0, -1, 0, -1, 0, 0, 1, 17) x + 2 >= 0
(0, 1, 0, 1, 0, 1, -1, 0, 0, 1, -1, 0, -1, 0, 0, 1, 17) x + 2 >= 0
(0, 1, 0, 1, -1, 0, 0, 1, 0, 1, -1, 0, -1, 0, 0, 1, 17) x + 2 >= 0
(0, 1, -1, 0, 0, 1, 0, 1, 0, 1, -1, 0, -1, 0, 0, 1, 17) x + 2 >= 0
(-1, 0, 0, 1, 0, 1, 0, 1, 0, 1, -1, 0, -1, 0, 0, 1, 17) x + 2 >= 0
(0, 1, 0, 1, 0, 1, -1, 0, -1, 0, 0, 1, -1, 0, 0, 1, 17) x + 2 >= 0
(0, 1, 0, 1, -1, 0, 0, 1, -1, 0, 0, 1, -1, 0, 0, 1, 17) x + 2 >= 0
(0, 1, -1, 0, 0, 1, 0, 1, -1, 0, 0, 1, -1, 0, 0, 1, 17) x + 2 >= 0
(-1, 0, 0, 1, 0, 1, 0, 1, -1, 0, 0, 1, -1, 0, 0, 1, 17) x + 2 >= 0
(0, 1, 0, 1, -1, 0, -1, 0, 0, 1, 0, 1, -1, 0, 0, 1, 17) x + 2 >= 0
(0, 1, -1, 0, 0, 1, -1, 0, 0, 1, 0, 1, -1, 0, 0, 1, 17) x + 2 >= 0
(-1, 0, 0, 1, 0, 1, -1, 0, 0, 1, 0, 1, -1, 0, 0, 1, 17) x + 2 >= 0
(0, 1, -1, 0, -1, 0, 0, 1, 0, 1, 0, 1, -1, 0, 0, 1, 17) x + 2 >= 0
(-1, 0, 0, 1, -1, 0, 0, 1, 0, 1, 0, 1, -1, 0, 0, 1, 17) x + 2 >= 0
(-1, 0, -1, 0, 0, 1, 0, 1, 0, 1, 0, 1, -1, 0, 0, 1, 17) x + 2 >= 0
(0, 1, 0, 1, 0, 1, -1, 0, -1, 0, -1, 0, 0, 1, 0, 1, 17) x + 2 >= 0
(0, 1, 0, 1, -1, 0, 0, 1, -1, 0, -1, 0, 0, 1, 0, 1, 17) x + 2 >= 0
(0, 1, -1, 0, 0, 1, 0, 1, -1, 0, -1, 0, 0, 1, 0, 1, 17) x + 2 >= 0
(-1, 0, 0, 1, 0, 1, 0, 1, -1, 0, -1, 0, 0, 1, 0, 1, 17) x + 2 >= 0
(0, 1, 0, 1, -1, 0, -1, 0, 0, 1, -1, 0, 0, 1, 0, 1, 17) x + 2 >= 0
(0, 1, -1, 0, 0, 1, -1, 0, 0, 1, -1, 0, 0, 1, 0, 1, 17) x + 2 >= 0
(-1, 0, 0, 1, 0, 1, -1, 0, 0, 1, -1, 0, 0, 1, 0, 1, 17) x + 2 >= 0
(0, 1, -1, 0, -1, 0, 0, 1, 0, 1, -1, 0, 0, 1, 0, 1, 17) x + 2 >= 0
(-1, 0, 0, 1, -1, 0, 0, 1, 0, 1, -1, 0, 0, 1, 0, 1, 17) x + 2 >= 0
(-1, 0, -1, 0, 0, 1, 0, 1, 0, 1, -1, 0, 0, 1, 0, 1, 17) x + 2 >= 0
(0, 1, 0, 1, -1, 0, -1, 0, -1, 0, 0, 1, 0, 1, 0, 1, 17) x + 2 >= 0
(0, 1, -1, 0, 0, 1, -1, 0, -1, 0, 0, 1, 0, 1, 0, 1, 17) x + 2 >= 0
(-1, 0, 0, 1, 0, 1, -1, 0, -1, 0, 0, 1, 0, 1, 0, 1, 17) x + 2 >= 0
(0, 1, -1, 0, -1, 0, 0, 1, -1, 0, 0, 1, 0, 1, 0, 1, 17) x + 2 >= 0
(-1, 0, 0, 1, -1, 0, 0, 1, -1, 0, 0, 1, 0, 1, 0, 1, 17) x + 2 >= 0
(-1, 0, -1, 0, 0, 1, 0, 1, -1, 0, 0, 1, 0, 1, 0, 1, 17) x + 2 >= 0
(0, 1, -1, 0, -1, 0, -1, 0, 0, 1, 0, 1, 0, 1, 0, 1, 17) x + 2 >= 0
(-1, 0, 0, 1, -1, 0, -1, 0, 0, 1, 0, 1, 0, 1, 0, 1, 17) x + 2 >= 0
(-1, 0, -1, 0, 0, 1, -1, 0, 0, 1, 0, 1, 0, 1, 0, 1, 17) x + 2 >= 0
(-1, 0, -1, 0, -1, 0, 0, 1, 0, 1, 0, 1, 0, 1, 0, 1, 17) x + 2 >= 0
(0, 1, 0, 1, 0, 1, 0, 1, 0, 1, 0, 1, -1, 0, -1, 0, 17) x + 1 >= 0
(0, 1, 0, 1, 0, 1, 0, 1, 0, 1, -1, 0, 0, 1, -1, 0, 17) x + 1 >= 0
(0, 1, 0, 1, 0, 1, 0, 1, -1, 0, 0, 1, 0, 1, -1, 0, 17) x + 1 >= 0
(0, 1, 0, 1, 0, 1, -1, 0, 0, 1, 0, 1, 0, 1, -1, 0, 17) x + 1 >= 0
(0, 1, 0, 1, -1, 0, 0, 1, 0, 1, 0, 1, 0, 1, -1, 0, 17) x + 1 >= 0
(0, 1, -1, 0, 0, 1, 0, 1, 0, 1, 0, 1, 0, 1, -1, 0, 17) x + 1 >= 0
(-1, 0, 0, 1, 0, 1, 0, 1, 0, 1, 0, 1, 0, 1, -1, 0, 17) x + 1 >= 0
(0, 1, 0, 1, 0, 1, 0, 1, 0, 1, -1, 0, -1, 0, 0, 1, 17) x + 1 >= 0
(0, 1, 0, 1, 0, 1, 0, 1, -1, 0, 0, 1, -1, 0, 0, 1, 17) x + 1 >= 0
(0, 1, 0, 1, 0, 1, -1, 0, 0, 1, 0, 1, -1, 0, 0, 1, 17) x + 1 >= 0
(0, 1, 0, 1, -1, 0, 0, 1, 0, 1, 0, 1, -1, 0, 0, 1, 17) x + 1 >= 0
(0, 1, -1, 0, 0, 1, 0, 1, 0, 1, 0, 1, -1, 0, 0, 1, 17) x + 1 >= 0
(-1, 0, 0, 1, 0, 1, 0, 1, 0, 1, 0, 1, -1, 0, 0, 1, 17) x + 1 >= 0
(0, 1, 0, 1, 0, 1, 0, 1, -1, 0, -1, 0, 0, 1, 0, 1, 17) x + 1 >= 0
(0, 1, 0, 1, 0, 1, -1, 0, 0, 1, -1, 0, 0, 1, 0, 1, 17) x + 1 >= 0
(0, 1, 0, 1, -1, 0, 0, 1, 0, 1, -1, 0, 0, 1, 0, 1, 17) x + 1 >= 0
(0, 1, -1, 0, 0, 1, 0, 1, 0, 1, -1, 0, 0, 1, 0, 1, 17) x + 1 >= 0
(-1, 0, 0, 1, 0, 1, 0, 1, 0, 1, -1, 0, 0, 1, 0, 1, 17) x + 1 >= 0
(0, 1, 0, 1, 0, 1, -1, 0, -1, 0, 0, 1, 0, 1, 0, 1, 17) x + 1 >= 0
(0, 1, 0, 1, -1, 0, 0, 1, -1, 0, 0, 1, 0, 1, 0, 1, 17) x + 1 >= 0
(0, 1, -1, 0, 0, 1, 0, 1, -1, 0, 0, 1, 0, 1, 0, 1, 17) x + 1 >= 0
(-1, 0, 0, 1, 0, 1, 0, 1, -1, 0, 0, 1, 0, 1, 0, 1, 17) x + 1 >= 0
(0, 1, 0, 1, -1, 0, -1, 0, 0, 1, 0, 1, 0, 1, 0, 1, 17) x + 1 >= 0
(0, 1, -1, 0, 0, 1, -1, 0, 0, 1, 0, 1, 0, 1, 0, 1, 17) x + 1 >= 0
(-1, 0, 0, 1, 0, 1, -1, 0, 0, 1, 0, 1, 0, 1, 0, 1, 17) x + 1 >= 0
(0, 1, -1, 0, -1, 0, 0, 1, 0, 1, 0, 1, 0, 1, 0, 1, 17) x + 1 >= 0
(-1, 0, 0, 1, -1, 0, 0, 1, 0, 1, 0, 1, 0, 1, 0, 1, 17) x + 1 >= 0
(-1, 0, -1, 0, 0, 1, 0, 1, 0, 1, 0, 1, 0, 1, 0, 1, 17) x + 1 >= 0
(0, 1, 0, 1, 0, 1, 0, 1, 0, 1, 0, 1, 0, 1, -1, 0, 17) x + 0 >= 0
(0, 1, 0, 1, 0, 1, 0, 1, 0, 1, 0, 1, -1, 0, 0, 1, 17) x + 0 >= 0
(0, 1, 0, 1, 0, 1, 0, 1, 0, 1, -1, 0, 0, 1, 0, 1, 17) x + 0 >= 0
(0, 1, 0, 1, 0, 1, 0, 1, -1, 0, 0, 1, 0, 1, 0, 1, 17) x + 0 >= 0
(0, 1, 0, 1, 0, 1, -1, 0, 0, 1, 0, 1, 0, 1, 0, 1, 17) x + 0 >= 0
(0, 1, 0, 1, -1, 0, 0, 1, 0, 1, 0, 1, 0, 1, 0, 1, 17) x + 0 >= 0
(0, 1, -1, 0, 0, 1, 0, 1, 0, 1, 0, 1, 0, 1, 0, 1, 17) x + 0 >= 0
(-1, 0, 0, 1, 0, 1, 0, 1, 0, 1, 0, 1, 0, 1, 0, 1, 17) x + 0 >= 0
(0, 0, 0, 0, 0, 0, 0, 0, 0, 0, 0, 0, 0, 0, -1, 1, 17) x + 0 >= 0
(0, 0, 0, 0, 0, 0, 0, 0, 0, 0, 0, 0, -1, 1, 0, 0, 17) x + 0 >= 0
(-1, 1, 0, 0, 0, 0, 0, 0, 0, 0, 0, 0, 0, 0, 0, 0, 17) x + 0 >= 0
(0, 0, -1, 1, 0, 0, 0, 0, 0, 0, 0, 0, 0, 0, 0, 0, 17) x + 0 >= 0
(0, 0, 0, 0, -1, 1, 0, 0, 0, 0, 0, 0, 0, 0, 0, 0, 17) x + 0 >= 0
(0, 0, 0, 0, 0, 0, -1, 1, 0, 0, 0, 0, 0, 0, 0, 0, 17) x + 0 >= 0
(0, 0, 0, 0, 0, 0, 0, 0, -1, 1, 0, 0, 0, 0, 0, 0, 17) x + 0 >= 0
(0, 0, 0, 0, 0, 0, 0, 0, 0, 0, -1, 1, 0, 0, 0, 0, 17) x + 0 >= 0
(1, -1, 0, 0, 0, 0, 0, 0, 0, 0, 0, 0, 0, 0, 0, 0, -17) x + 17 >= 0
(-1, 1, 0, 0, 0, 0, 0, 0, 0, 0, 0, 0, 0, 0, 0, 0, -17) x + 17 >= 0
(0, 0, 1, -1, 0, 0, 0, 0, 0, 0, 0, 0, 0, 0, 0, 0, -17) x + 17 >= 0
(0, 0, -1, 1, 0, 0, 0, 0, 0, 0, 0, 0, 0, 0, 0, 0, -17) x + 17 >= 0
(0, 0, 0, 0, 1, -1, 0, 0, 0, 0, 0, 0, 0, 0, 0, 0, -17) x + 17 >= 0
(0, 0, 0, 0, -1, 1, 0, 0, 0, 0, 0, 0, 0, 0, 0, 0, -17) x + 17 >= 0
(0, 0, 0, 0, 0, 0, 1, -1, 0, 0, 0, 0, 0, 0, 0, 0, -17) x + 17 >= 0
(0, 0, 0, 0, 0, 0, -1, 1, 0, 0, 0, 0, 0, 0, 0, 0, -17) x + 17 >= 0
(0, 0, 0, 0, 0, 0, 0, 0, 1, -1, 0, 0, 0, 0, 0, 0, -17) x + 17 >= 0
(0, 0, 0, 0, 0, 0, 0, 0, -1, 1, 0, 0, 0, 0, 0, 0, -17) x + 17 >= 0
(0, 0, 0, 0, 0, 0, 0, 0, 0, 0, 1, -1, 0, 0, 0, 0, -17) x + 17 >= 0
(0, 0, 0, 0, 0, 0, 0, 0, 0, 0, -1, 1, 0, 0, 0, 0, -17) x + 17 >= 0
(0, 0, 0, 0, 0, 0, 0, 0, 0, 0, 0, 0, 1, -1, 0, 0, -17) x + 17 >= 0
(0, 0, 0, 0, 0, 0, 0, 0, 0, 0, 0, 0, -1, 1, 0, 0, -17) x + 17 >= 0
(0, 0, 0, 0, 0, 0, 0, 0, 0, 0, 0, 0, 0, 0, 1, -1, -17) x + 17 >= 0
(0, 0, 0, 0, 0, 0, 0, 0, 0, 0, 0, 0, 0, 0, -1, 1, -17) x + 17 >= 0
(0, 1, 0, 1, 0, 1, 0, 1, 0, 1, 0, 1, 0, 1, 0, 1, -17) x + 16 >= 0