1,0,0
1,1,0
1,2,0
1,3,0
1,4,0
1,5,0
1,6,0
1,7,0
1,8,0
1,9,0
1,10,0
1,11,0
1,12,0
1,13,0
1,14,0
1,15,0
1,16,0
1,17,0
1,18,0
1,19,0
1,20,0
1,21,0
1,22,0
1,23,0
1,24,0
1,25,0
1,26,0
1,27,0
1,28,0
1,29,0
1,30,0
1,31,0
1,32,0
1,33,0
1,34,0
1,35,0
1,36,0
1,37,0
1,38,0
1,39,0
1,40,0
1,41,0
1,42,0
1,43,0
1,44,0
1,45,0
1,46,0
1,47,0
1,48,0
1,49,0
1,50,0
1,51,0
1,52,0
1,53,0
1,54,0
1,55,0
1,56,0
1,57,0
1,58,0
1,59,0
1,60,0
1,61,0
1,62,0
1,63,0
1,64,0
1,65,0
1,66,0
1,67,0
1,68,0
1,69,0
1,70,0
1,71,0
1,72,0
1,73,0
1,74,0
1,75,0
1,76,0
1,77,0
1,78,0
1,79,0
1,80,0
1,81,0
1,82,0
1,83,0
1,84,0
1,85,0
1,86,0
1,87,0
1,88,0
1,89,0
1,90,0
1,91,0
1,92,0
1,93,0
1,94,0
1,95,0
1,96,0
1,96,1
1,97,0
1,97,1
1,98,0
1,98,1
1,99,0
1,99,1
1,100,0
1,100,1
1,101,0
1,101,1
1,102,0
1,102,1
1,103,0
1,103,1
1,104,0
1,104,1
1,105,0
1,105,1
1,106,0
1,106,1
1,107,0
1,107,1
1,108,0
1,108,1
1,109,0
1,109,1
1,110,0
1,110,1
1,111,0
1,111,1
1,112,0
1,112,1
1,113,0
1,113,1
1,114,0
1,114,1
1,115,0
1,115,1
1,116,0
1,116,1
1,117,0
1,117,1
1,118,0
1,118,1
1,119,0
1,119,1
1,120,0
1,120,1
1,121,0
1,121,1
1,122,0
1,122,1
1,123,0
1,123,1
1,124,0
1,124,1
1,125,0
1,125,1
1,126,0
1,126,1
1,127,0
1,127,1
1,128,0
1,128,1
1,129,0
1,129,1
1,130,0
1,130,1
1,131,0
1,131,1
1,132,0
1,132,1
1,133,0
1,133,1
1,134,0
1,134,1
1,135,0
1,135,1
1,136,0
1,136,1
1,137,0
1,137,1
1,138,0
1,138,1
1,139,0
1,139,1
1,140,0
1,140,1
1,141,0
1,141,1
1,142,0
1,142,1
1,143,0
1,143,1
1,144,0
1,144,1
1,145,0
1,145,1
1,146,0
1,146,1
1,147,0
1,147,1
1,148,0
1,148,1
1,149,0
1,149,1
1,150,0
1,150,1
1,151,0
1,151,1
1,152,0
1,152,1
1,153,0
1,153,1
1,154,0
1,154,1
1,155,0
1,155,1
1,156,0
1,156,1
1,157,0
1,157,1
1,158,0
1,158,1
1,159,0
1,159,1
1,160,0
1,160,1
1,161,0
1,161,1
1,162,0
1,162,1
1,163,0
1,163,1
1,164,0
1,164,1
1,165,0
1,165,1
1,166,0
1,166,1
1,167,0
1,167,1
1,168,0
1,168,1
1,169,0
1,169,1
1,170,0
1,170,1
1,171,0
1,171,1
1,172,0
1,172,1
1,173,0
1,173,1
1,174,0
1,174,1
1,175,0
1,175,1
1,176,0
1,176,1
1,177,0
1,177,1
1,178,0
1,178,1
1,179,0
1,179,1
1,180,0
1,180,1
1,181,0
1,181,1
1,182,0
1,182,1
1,183,0
1,183,1
1,184,0
1,184,1
1,185,0
1,185,1
1,186,0
1,186,1
1,187,0
1,187,1
1,188,0
1,188,1
1,189,0
1,189,1
1,190,0
1,190,1
1,191,0
1,191,1
1,192,0
1,193,0
1,194,0
1,195,0
1,196,0
1,197,0
1,198,0
1,199,0
1,200,0
1,201,0
1,202,0
1,203,0
1,204,0
1,205,0
1,206,0
1,207,0
1,208,0
1,209,0
1,210,0
1,211,0
1,212,0
1,213,0
1,214,0
1,215,0
1,216,0
1,217,0
1,218,0
1,219,0
1,220,0
1,221,0
1,222,0
1,223,0
1,224,0
1,225,0
1,226,0
1,227,0
1,228,0
1,229,0
1,230,0
1,231,0
1,232,0
1,233,0
1,234,0
1,235,0
1,236,0
1,237,0
1,238,0
1,239,0
1,240,0
1,241,0
1,242,0
1,243,0
1,244,0
1,245,0
1,246,0
1,247,0
1,248,0
1,249,0
1,250,0
1,251,0
1,252,0
1,253,0
1,254,0
1,255,0
1,256,0
1,257,0
1,258,0
1,259,0
1,260,0
1,261,0
1,262,0
1,263,0
1,264,0
1,265,0
1,266,0
1,267,0
1,268,0
1,269,0
1,270,0
1,271,0
1,272,0
1,273,0
1,274,0
1,275,0
1,276,0
1,277,0
1,278,0
1,279,0
1,280,0
1,281,0
1,282,0
1,283,0
1,284,0
1,285,0
1,286,0
1,287,0
1,288,0
1,288,1
1,289,0
1,289,1
1,290,0
1,290,1
1,291,0
1,291,1
1,292,0
1,292,1
1,293,0
1,293,1
1,294,0
1,294,1
1,295,0
1,295,1
1,296,0
1,296,1
1,297,0
1,297,1
1,298,0
1,298,1
1,299,0
1,299,1
1,300,0
1,300,1
1,301,0
1,301,1
1,302,0
1,302,1
1,303,0
1,303,1
1,304,0
1,304,1
1,305,0
1,305,1
1,306,0
1,306,1
1,307,0
1,307,1
1,308,0
1,308,1
1,309,0
1,309,1
1,310,0
1,310,1
1,311,0
1,311,1
1,312,0
1,312,1
1,313,0
1,313,1
1,314,0
1,314,1
1,315,0
1,315,1
1,316,0
1,316,1
1,317,0
1,317,1
1,318,0
1,318,1
1,319,0
1,319,1
1,320,0
1,320,1
1,321,0
1,321,1
1,322,0
1,322,1
1,323,0
1,323,1
1,324,0
1,324,1
1,325,0
1,325,1
1,326,0
1,326,1
1,327,0
1,327,1
1,328,0
1,328,1
1,329,0
1,329,1
1,330,0
1,330,1
1,331,0
1,331,1
1,332,0
1,332,1
1,333,0
1,333,1
1,334,0
1,334,1
1,335,0
1,335,1
1,336,0
1,336,1
1,337,0
1,337,1
1,338,0
1,338,1
1,339,0
1,339,1
1,340,0
1,340,1
1,341,0
1,341,1
1,342,0
1,342,1
1,343,0
1,343,1
1,344,0
1,344,1
1,345,0
1,345,1
1,346,0
1,346,1
1,347,0
1,347,1
1,348,0
1,348,1
1,349,0
1,349,1
1,350,0
1,350,1
1,351,0
1,351,1
1,352,0
1,352,1
1,353,0
1,353,1
1,354,0
1,354,1
1,355,0
1,355,1
1,356,0
1,356,1
1,357,0
1,357,1
1,358,0
1,358,1
1,359,0
1,359,1
1,360,0
1,360,1
1,361,0
1,361,1
1,362,0
1,362,1
1,363,0
1,363,1
1,364,0
1,364,1
1,365,0
1,365,1
1,366,0
1,366,1
1,367,0
1,367,1
1,368,0
1,368,1
1,369,0
1,369,1
1,370,0
1,370,1
1,371,0
1,371,1
1,372,0
1,372,1
1,373,0
1,373,1
1,374,0
1,374,1
1,375,0
1,375,1
1,376,0
1,376,1
1,377,0
1,377,1
1,378,0
1,378,1
1,379,0
1,379,1
1,380,0
1,380,1
1,381,0
1,381,1
1,382,0
1,382,1
1,383,0
1,383,1
2,0,0
2,1,0
2,2,0
2,3,0
2,4,0
2,5,0
2,6,0
2,7,0
2,8,0
2,9,0
2,10,0
2,11,0
2,12,0
2,13,0
2,14,0
2,15,0
2,16,0
2,17,0
2,18,0
2,19,0
2,20,0
2,21,0
2,22,0
2,23,0
2,24,0
2,25,0
2,26,0
2,27,0
2,28,0
2,29,0
2,30,0
2,31,0
2,32,0
2,33,0
2,34,0
2,35,0
2,36,0
2,37,0
2,38,0
2,39,0
2,40,0
2,41,0
2,42,0
2,43,0
2,44,0
2,45,0
2,46,0
2,47,0
2,48,0
2,49,0
2,50,0
2,51,0
2,52,0
2,53,0
2,54,0
2,55,0
2,56,0
2,57,0
2,58,0
2,59,0
2,60,0
2,61,0
2,62,0
2,63,0
2,64,0
2,65,0
2,66,0
2,67,0
2,68,0
2,69,0
2,70,0
2,71,0
2,72,0
2,73,0
2,74,0
2,75,0
2,76,0
2,77,0
2,78,0
2,79,0
2,80,0
2,81,0
2,82,0
2,83,0
2,84,0
2,85,0
2,86,0
2,87,0
2,88,0
2,89,0
2,90,0
2,91,0
2,92,0
2,93,0
2,94,0
2,95,0
2,96,0
2,96,1
2,97,0
2,97,1
2,98,0
2,98,1
2,99,0
2,99,1
2,100,0
2,100,1
2,101,0
2,101,1
2,102,0
2,102,1
2,103,0
2,103,1
2,104,0
2,104,1
2,105,0
2,105,1
2,106,0
2,106,1
2,107,0
2,107,1
2,108,0
2,108,1
2,109,0
2,109,1
2,110,0
2,110,1
2,111,0
2,111,1
2,112,0
2,112,1
2,113,0
2,113,1
2,114,0
2,114,1
2,115,0
2,115,1
2,116,0
2,116,1
2,117,0
2,117,1
2,118,0
2,118,1
2,119,0
2,119,1
2,120,0
2,120,1
2,121,0
2,121,1
2,122,0
2,122,1
2,123,0
2,123,1
2,124,0
2,124,1
2,125,0
2,125,1
2,126,0
2,126,1
2,127,0
2,127,1
2,128,0
2,128,1
2,129,0
2,129,1
2,130,0
2,130,1
2,131,0
2,131,1
2,132,0
2,132,1
2,133,0
2,133,1
2,134,0
2,134,1
2,135,0
2,135,1
2,136,0
2,136,1
2,137,0
2,137,1
2,138,0
2,138,1
2,139,0
2,139,1
2,140,0
2,140,1
2,141,0
2,141,1
2,142,0
2,142,1
2,143,0
2,143,1
2,144,0
2,144,1
2,145,0
2,145,1
2,146,0
2,146,1
2,147,0
2,147,1
2,148,0
2,148,1
2,149,0
2,149,1
2,150,0
2,150,1
2,151,0
2,151,1
2,152,0
2,152,1
2,153,0
2,153,1
2,154,0
2,154,1
2,155,0
2,155,1
2,156,0
2,156,1
2,157,0
2,157,1
2,158,0
2,158,1
2,159,0
2,159,1
2,160,0
2,160,1
2,161,0
2,161,1
2,162,0
2,162,1
2,163,0
2,163,1
2,164,0
2,164,1
2,165,0
2,165,1
2,166,0
2,166,1
2,167,0
2,167,1
2,168,0
2,168,1
2,169,0
2,169,1
2,170,0
2,170,1
2,171,0
2,171,1
2,172,0
2,172,1
2,173,0
2,173,1
2,174,0
2,174,1
2,175,0
2,175,1
2,176,0
2,176,1
2,177,0
2,177,1
2,178,0
2,178,1
2,179,0
2,179,1
2,180,0
2,180,1
2,181,0
2,181,1
2,182,0
2,182,1
2,183,0
2,183,1
2,184,0
2,184,1
2,185,0
2,185,1
2,186,0
2,186,1
2,187,0
2,187,1
2,188,0
2,188,1
2,189,0
2,189,1
2,190,0
2,190,1
2,191,0
2,191,1
2,192,0
2,193,0
2,194,0
2,195,0
2,196,0
2,197,0
2,198,0
2,199,0
2,200,0
2,201,0
2,202,0
2,203,0
2,204,0
2,205,0
2,206,0
2,207,0
2,208,0
2,209,0
2,210,0
2,211,0
2,212,0
2,213,0
2,214,0
2,215,0
2,216,0
2,217,0
2,218,0
2,219,0
2,220,0
2,221,0
2,222,0
2,223,0
2,224,0
2,225,0
2,226,0
2,227,0
2,228,0
2,229,0
2,230,0
2,231,0
2,232,0
2,233,0
2,234,0
2,235,0
2,236,0
2,237,0
2,238,0
2,239,0
2,240,0
2,241,0
2,242,0
2,243,0
2,244,0
2,245,0
2,246,0
2,247,0
2,248,0
2,249,0
2,250,0
2,251,0
2,252,0
2,253,0
2,254,0
2,255,0
2,256,0
2,257,0
2,258,0
2,259,0
2,260,0
2,261,0
2,262,0
2,263,0
2,264,0
2,265,0
2,266,0
2,267,0
2,268,0
2,269,0
2,270,0
2,271,0
2,272,0
2,273,0
2,274,0
2,275,0
2,276,0
2,277,0
2,278,0
2,279,0
2,280,0
2,281,0
2,282,0
2,283,0
2,284,0
2,285,0
2,286,0
2,287,0
2,288,0
2,288,1
2,289,0
2,289,1
2,290,0
2,290,1
2,291,0
2,291,1
2,292,0
2,292,1
2,293,0
2,293,1
2,294,0
2,294,1
2,295,0
2,295,1
2,296,0
2,296,1
2,297,0
2,297,1
2,298,0
2,298,1
2,299,0
2,299,1
2,300,0
2,300,1
2,301,0
2,301,1
2,302,0
2,302,1
2,303,0
2,303,1
2,304,0
2,304,1
2,305,0
2,305,1
2,306,0
2,306,1
2,307,0
2,307,1
2,308,0
2,308,1
2,309,0
2,309,1
2,310,0
2,310,1
2,311,0
2,311,1
2,312,0
2,312,1
2,313,0
2,313,1
2,314,0
2,314,1
2,315,0
2,315,1
2,316,0
2,316,1
2,317,0
2,317,1
2,318,0
2,318,1
2,319,0
2,319,1
2,320,0
2,320,1
2,321,0
2,321,1
2,322,0
2,322,1
2,323,0
2,323,1
2,324,0
2,324,1
2,325,0
2,325,1
2,326,0
2,326,1
2,327,0
2,327,1
2,328,0
2,328,1
2,329,0
2,329,1
2,330,0
2,330,1
2,331,0
2,331,1
2,332,0
2,332,1
2,333,0
2,333,1
2,334,0
2,334,1
2,335,0
2,335,1
2,336,0
2,336,1
2,337,0
2,337,1
2,338,0
2,338,1
2,339,0
2,339,1
2,340,0
2,340,1
2,341,0
2,341,1
2,342,0
2,342,1
2,343,0
2,343,1
2,344,0
2,344,1
2,345,0
2,345,1
2,346,0
2,346,1
2,347,0
2,347,1
2,348,0
2,348,1
2,349,0
2,349,1
2,350,0
2,350,1
2,351,0
2,351,1
2,352,0
2,352,1
2,353,0
2,353,1
2,354,0
2,354,1
2,355,0
2,355,1
2,356,0
2,356,1
2,357,0
2,357,1
2,358,0
2,358,1
2,359,0
2,359,1
2,360,0
2,360,1
2,361,0
2,361,1
2,362,0
2,362,1
2,363,0
2,363,1
2,364,0
2,364,1
2,365,0
2,365,1
2,366,0
2,366,1
2,367,0
2,367,1
2,368,0
2,368,1
2,369,0
2,369,1
2,370,0
2,370,1
2,371,0
2,371,1
2,372,0
2,372,1
2,373,0
2,373,1
2,374,0
2,374,1
2,375,0
2,375,1
2,376,0
2,376,1
2,377,0
2,377,1
2,378,0
2,378,1
2,379,0
2,379,1
2,380,0
2,380,1
2,381,0
2,381,1
2,382,0
2,382,1
2,383,0
2,383,1
3,0,0
3,1,0
3,2,0
3,3,0
3,4,0
3,5,0
3,6,0
3,7,0
3,8,0
3,9,0
3,10,0
3,11,0
3,12,0
3,13,0
3,14,0
3,15,0
3,16,0
3,17,0
3,18,0
3,19,0
3,20,0
3,21,0
3,22,0
3,23,0
3,24,0
3,25,0
3,26,0
3,27,0
3,28,0
3,29,0
3,30,0
3,31,0
3,32,0
3,33,0
3,34,0
3,35,0
3,36,0
3,37,0
3,38,0
3,39,0
3,40,0
3,41,0
3,42,0
3,43,0
3,44,0
3,45,0
3,46,0
3,47,0
3,48,0
3,49,0
3,50,0
3,51,0
3,52,0
3,53,0
3,54,0
3,55,0
3,56,0
3,57,0
3,58,0
3,59,0
3,60,0
3,61,0
3,62,0
3,63,0
3,64,0
3,65,0
3,66,0
3,67,0
3,68,0
3,69,0
3,70,0
3,71,0
3,72,0
3,73,0
3,74,0
3,75,0
3,76,0
3,77,0
3,78,0
3,79,0
3,80,0
3,81,0
3,82,0
3,83,0
3,84,0
3,85,0
3,86,0
3,87,0
3,88,0
3,89,0
3,90,0
3,91,0
3,92,0
3,93,0
3,94,0
3,95,0
3,96,0
3,96,1
3,97,0
3,97,1
3,98,0
3,98,1
3,99,0
3,99,1
3,100,0
3,100,1
3,101,0
3,101,1
3,102,0
3,102,1
3,103,0
3,103,1
3,104,0
3,104,1
3,105,0
3,105,1
3,106,0
3,106,1
3,107,0
3,107,1
3,108,0
3,108,1
3,109,0
3,109,1
3,110,0
3,110,1
3,111,0
3,111,1
3,112,0
3,112,1
3,113,0
3,113,1
3,114,0
3,114,1
3,115,0
3,115,1
3,116,0
3,116,1
3,117,0
3,117,1
3,118,0
3,118,1
3,119,0
3,119,1
3,120,0
3,120,1
3,121,0
3,121,1
3,122,0
3,122,1
3,123,0
3,123,1
3,124,0
3,124,1
3,125,0
3,125,1
3,126,0
3,126,1
3,127,0
3,127,1
3,128,0
3,128,1
3,129,0
3,129,1
3,130,0
3,130,1
3,131,0
3,131,1
3,132,0
3,132,1
3,133,0
3,133,1
3,134,0
3,134,1
3,135,0
3,135,1
3,136,0
3,136,1
3,137,0
3,137,1
3,138,0
3,138,1
3,139,0
3,139,1
3,140,0
3,140,1
3,141,0
3,141,1
3,142,0
3,142,1
3,143,0
3,143,1
3,144,0
3,144,1
3,145,0
3,145,1
3,146,0
3,146,1
3,147,0
3,147,1
3,148,0
3,148,1
3,149,0
3,149,1
3,150,0
3,150,1
3,151,0
3,151,1
3,152,0
3,152,1
3,153,0
3,153,1
3,154,0
3,154,1
3,155,0
3,155,1
3,156,0
3,156,1
3,157,0
3,157,1
3,158,0
3,158,1
3,159,0
3,159,1
3,160,0
3,160,1
3,161,0
3,161,1
3,162,0
3,162,1
3,163,0
3,163,1
3,164,0
3,164,1
3,165,0
3,165,1
3,166,0
3,166,1
3,167,0
3,167,1
3,168,0
3,168,1
3,169,0
3,169,1
3,170,0
3,170,1
3,171,0
3,171,1
3,172,0
3,172,1
3,173,0
3,173,1
3,174,0
3,174,1
3,175,0
3,175,1
3,176,0
3,176,1
3,177,0
3,177,1
3,178,0
3,178,1
3,179,0
3,179,1
3,180,0
3,180,1
3,181,0
3,181,1
3,182,0
3,182,1
3,183,0
3,183,1
3,184,0
3,184,1
3,185,0
3,185,1
3,186,0
3,186,1
3,187,0
3,187,1
3,188,0
3,188,1
3,189,0
3,189,1
3,190,0
3,190,1
3,191,0
3,191,1
3,192,0
3,193,0
3,194,0
3,195,0
3,196,0
3,197,0
3,198,0
3,199,0
3,200,0
3,201,0
3,202,0
3,203,0
3,204,0
3,205,0
3,206,0
3,207,0
3,208,0
3,209,0
3,210,0
3,211,0
3,212,0
3,213,0
3,214,0
3,215,0
3,216,0
3,217,0
3,218,0
3,219,0
3,220,0
3,221,0
3,222,0
3,223,0
3,224,0
3,225,0
3,226,0
3,227,0
3,228,0
3,229,0
3,230,0
3,231,0
3,232,0
3,233,0
3,234,0
3,235,0
3,236,0
3,237,0
3,238,0
3,239,0
3,240,0
3,241,0
3,242,0
3,243,0
3,244,0
3,245,0
3,246,0
3,247,0
3,248,0
3,249,0
3,250,0
3,251,0
3,252,0
3,253,0
3,254,0
3,255,0
3,256,0
3,257,0
3,258,0
3,259,0
3,260,0
3,261,0
3,262,0
3,263,0
3,264,0
3,265,0
3,266,0
3,267,0
3,268,0
3,269,0
3,270,0
3,271,0
3,272,0
3,273,0
3,274,0
3,275,0
3,276,0
3,277,0
3,278,0
3,279,0
3,280,0
3,281,0
3,282,0
3,283,0
3,284,0
3,285,0
3,286,0
3,287,0
3,288,0
3,288,1
3,289,0
3,289,1
3,290,0
3,290,1
3,291,0
3,291,1
3,292,0
3,292,1
3,293,0
3,293,1
3,294,0
3,294,1
3,295,0
3,295,1
3,296,0
3,296,1
3,297,0
3,297,1
3,298,0
3,298,1
3,299,0
3,299,1
3,300,0
3,300,1
3,301,0
3,301,1
3,302,0
3,302,1
3,303,0
3,303,1
3,304,0
3,304,1
3,305,0
3,305,1
3,306,0
3,306,1
3,307,0
3,307,1
3,308,0
3,308,1
3,309,0
3,309,1
3,310,0
3,310,1
3,311,0
3,311,1
3,312,0
3,312,1
3,313,0
3,313,1
3,314,0
3,314,1
3,315,0
3,315,1
3,316,0
3,316,1
3,317,0
3,317,1
3,318,0
3,318,1
3,319,0
3,319,1
3,320,0
3,320,1
3,321,0
3,321,1
3,322,0
3,322,1
3,323,0
3,323,1
3,324,0
3,324,1
3,325,0
3,325,1
3,326,0
3,326,1
3,327,0
3,327,1
3,328,0
3,328,1
3,329,0
3,329,1
3,330,0
3,330,1
3,331,0
3,331,1
3,332,0
3,332,1
3,333,0
3,333,1
3,334,0
3,334,1
3,335,0
3,335,1
3,336,0
3,336,1
3,337,0
3,337,1
3,338,0
3,338,1
3,339,0
3,339,1
3,340,0
3,340,1
3,341,0
3,341,1
3,342,0
3,342,1
3,343,0
3,343,1
3,344,0
3,344,1
3,345,0
3,345,1
3,346,0
3,346,1
3,347,0
3,347,1
3,348,0
3,348,1
3,349,0
3,349,1
3,350,0
3,350,1
3,351,0
3,351,1
3,352,0
3,352,1
3,353,0
3,353,1
3,354,0
3,354,1
3,355,0
3,355,1
3,356,0
3,356,1
3,357,0
3,357,1
3,358,0
3,358,1
3,359,0
3,359,1
3,360,0
3,360,1
3,361,0
3,361,1
3,362,0
3,362,1
3,363,0
3,363,1
3,364,0
3,364,1
3,365,0
3,365,1
3,366,0
3,366,1
3,367,0
3,367,1
3,368,0
3,368,1
3,369,0
3,369,1
3,370,0
3,370,1
3,371,0
3,371,1
3,372,0
3,372,1
3,373,0
3,373,1
3,374,0
3,374,1
3,375,0
3,375,1
3,376,0
3,376,1
3,377,0
3,377,1
3,378,0
3,378,1
3,379,0
3,379,1
3,380,0
3,380,1
3,381,0
3,381,1
3,382,0
3,382,1
3,383,0
3,383,1
4,0,0
4,1,0
4,2,0
4,3,0
4,4,0
4,5,0
4,6,0
4,7,0
4,8,0
4,9,0
4,10,0
4,11,0
4,12,0
4,13,0
4,14,0
4,15,0
4,16,0
4,17,0
4,18,0
4,19,0
4,20,0
4,21,0
4,22,0
4,23,0
4,24,0
4,25,0
4,26,0
4,27,0
4,28,0
4,29,0
4,30,0
4,31,0
4,32,0
4,33,0
4,34,0
4,35,0
4,36,0
4,37,0
4,38,0
4,39,0
4,40,0
4,41,0
4,42,0
4,43,0
4,44,0
4,45,0
4,46,0
4,47,0
4,48,0
4,49,0
4,50,0
4,51,0
4,52,0
4,53,0
4,54,0
4,55,0
4,56,0
4,57,0
4,58,0
4,59,0
4,60,0
4,61,0
4,62,0
4,63,0
4,64,0
4,65,0
4,66,0
4,67,0
4,68,0
4,69,0
4,70,0
4,71,0
4,72,0
4,73,0
4,74,0
4,75,0
4,76,0
4,77,0
4,78,0
4,79,0
4,80,0
4,81,0
4,82,0
4,83,0
4,84,0
4,85,0
4,86,0
4,87,0
4,88,0
4,89,0
4,90,0
4,91,0
4,92,0
4,93,0
4,94,0
4,95,0
4,96,0
4,96,1
4,97,0
4,97,1
4,98,0
4,98,1
4,99,0
4,99,1
4,100,0
4,100,1
4,101,0
4,101,1
4,102,0
4,102,1
4,103,0
4,103,1
4,104,0
4,104,1
4,105,0
4,105,1
4,106,0
4,106,1
4,107,0
4,107,1
4,108,0
4,108,1
4,109,0
4,109,1
4,110,0
4,110,1
4,111,0
4,111,1
4,112,0
4,112,1
4,113,0
4,113,1
4,114,0
4,114,1
4,115,0
4,115,1
4,116,0
4,116,1
4,117,0
4,117,1
4,118,0
4,118,1
4,119,0
4,119,1
4,120,0
4,120,1
4,121,0
4,121,1
4,122,0
4,122,1
4,123,0
4,123,1
4,124,0
4,124,1
4,125,0
4,125,1
4,126,0
4,126,1
4,127,0
4,127,1
4,128,0
4,128,1
4,129,0
4,129,1
4,130,0
4,130,1
4,131,0
4,131,1
4,132,0
4,132,1
4,133,0
4,133,1
4,134,0
4,134,1
4,135,0
4,135,1
4,136,0
4,136,1
4,137,0
4,137,1
4,138,0
4,138,1
4,139,0
4,139,1
4,140,0
4,140,1
4,141,0
4,141,1
4,142,0
4,142,1
4,143,0
4,143,1
4,144,0
4,144,1
4,145,0
4,145,1
4,146,0
4,146,1
4,147,0
4,147,1
4,148,0
4,148,1
4,149,0
4,149,1
4,150,0
4,150,1
4,151,0
4,151,1
4,152,0
4,152,1
4,153,0
4,153,1
4,154,0
4,154,1
4,155,0
4,155,1
4,156,0
4,156,1
4,157,0
4,157,1
4,158,0
4,158,1
4,159,0
4,159,1
4,160,0
4,160,1
4,161,0
4,161,1
4,162,0
4,162,1
4,163,0
4,163,1
4,164,0
4,164,1
4,165,0
4,165,1
4,166,0
4,166,1
4,167,0
4,167,1
4,168,0
4,168,1
4,169,0
4,169,1
4,170,0
4,170,1
4,171,0
4,171,1
4,172,0
4,172,1
4,173,0
4,173,1
4,174,0
4,174,1
4,175,0
4,175,1
4,176,0
4,176,1
4,177,0
4,177,1
4,178,0
4,178,1
4,179,0
4,179,1
4,180,0
4,180,1
4,181,0
4,181,1
4,182,0
4,182,1
4,183,0
4,183,1
4,184,0
4,184,1
4,185,0
4,185,1
4,186,0
4,186,1
4,187,0
4,187,1
4,188,0
4,188,1
4,189,0
4,189,1
4,190,0
4,190,1
4,191,0
4,191,1
4,192,0
4,193,0
4,194,0
4,195,0
4,196,0
4,197,0
4,198,0
4,199,0
4,200,0
4,201,0
4,202,0
4,203,0
4,204,0
4,205,0
4,206,0
4,207,0
4,208,0
4,209,0
4,210,0
4,211,0
4,212,0
4,213,0
4,214,0
4,215,0
4,216,0
4,217,0
4,218,0
4,219,0
4,220,0
4,221,0
4,222,0
4,223,0
4,224,0
4,225,0
4,226,0
4,227,0
4,228,0
4,229,0
4,230,0
4,231,0
4,232,0
4,233,0
4,234,0
4,235,0
4,236,0
4,237,0
4,238,0
4,239,0
4,240,0
4,241,0
4,242,0
4,243,0
4,244,0
4,245,0
4,246,0
4,247,0
4,248,0
4,249,0
4,250,0
4,251,0
4,252,0
4,253,0
4,254,0
4,255,0
4,256,0
4,257,0
4,258,0
4,259,0
4,260,0
4,261,0
4,262,0
4,263,0
4,264,0
4,265,0
4,266,0
4,267,0
4,268,0
4,269,0
4,270,0
4,271,0
4,272,0
4,273,0
4,274,0
4,275,0
4,276,0
4,277,0
4,278,0
4,279,0
4,280,0
4,281,0
4,282,0
4,283,0
4,284,0
4,285,0
4,286,0
4,287,0
4,288,0
4,288,1
4,289,0
4,289,1
4,290,0
4,290,1
4,291,0
4,291,1
4,292,0
4,292,1
4,293,0
4,293,1
4,294,0
4,294,1
4,295,0
4,295,1
4,296,0
4,296,1
4,297,0
4,297,1
4,298,0
4,298,1
4,299,0
4,299,1
4,300,0
4,300,1
4,301,0
4,301,1
4,302,0
4,302,1
4,303,0
4,303,1
4,304,0
4,304,1
4,305,0
4,305,1
4,306,0
4,306,1
4,307,0
4,307,1
4,308,0
4,308,1
4,309,0
4,309,1
4,310,0
4,310,1
4,311,0
4,311,1
4,312,0
4,312,1
4,313,0
4,313,1
4,314,0
4,314,1
4,315,0
4,315,1
4,316,0
4,316,1
4,317,0
4,317,1
4,318,0
4,318,1
4,319,0
4,319,1
4,320,0
4,320,1
4,321,0
4,321,1
4,322,0
4,322,1
4,323,0
4,323,1
4,324,0
4,324,1
4,325,0
4,325,1
4,326,0
4,326,1
4,327,0
4,327,1
4,328,0
4,328,1
4,329,0
4,329,1
4,330,0
4,330,1
4,331,0
4,331,1
4,332,0
4,332,1
4,333,0
4,333,1
4,334,0
4,334,1
4,335,0
4,335,1
4,336,0
4,336,1
4,337,0
4,337,1
4,338,0
4,338,1
4,339,0
4,339,1
4,340,0
4,340,1
4,341,0
4,341,1
4,342,0
4,342,1
4,343,0
4,343,1
4,344,0
4,344,1
4,345,0
4,345,1
4,346,0
4,346,1
4,347,0
4,347,1
4,348,0
4,348,1
4,349,0
4,349,1
4,350,0
4,350,1
4,351,0
4,351,1
4,352,0
4,352,1
4,353,0
4,353,1
4,354,0
4,354,1
4,355,0
4,355,1
4,356,0
4,356,1
4,357,0
4,357,1
4,358,0
4,358,1
4,359,0
4,359,1
4,360,0
4,360,1
4,361,0
4,361,1
4,362,0
4,362,1
4,363,0
4,363,1
4,364,0
4,364,1
4,365,0
4,365,1
4,366,0
4,366,1
4,367,0
4,367,1
4,368,0
4,368,1
4,369,0
4,369,1
4,370,0
4,370,1
4,371,0
4,371,1
4,372,0
4,372,1
4,373,0
4,373,1
4,374,0
4,374,1
4,375,0
4,375,1
4,376,0
4,376,1
4,377,0
4,377,1
4,378,0
4,378,1
4,379,0
4,379,1
4,380,0
4,380,1
4,381,0
4,381,1
4,382,0
4,382,1
4,383,0
4,383,1
5,0,0
5,1,0
5,2,0
5,3,0
5,4,0
5,5,0
5,6,0
5,7,0
5,8,0
5,9,0
5,10,0
5,11,0
5,12,0
5,13,0
5,14,0
5,15,0
5,16,0
5,17,0
5,18,0
5,19,0
5,20,0
5,21,0
5,22,0
5,23,0
5,24,0
5,25,0
5,26,0
5,27,0
5,28,0
5,29,0
5,30,0
5,31,0
5,32,0
5,33,0
5,34,0
5,35,0
5,36,0
5,37,0
5,38,0
5,39,0
5,40,0
5,41,0
5,42,0
5,43,0
5,44,0
5,45,0
5,46,0
5,47,0
5,48,0
5,49,0
5,50,0
5,51,0
5,52,0
5,53,0
5,54,0
5,55,0
5,56,0
5,57,0
5,58,0
5,59,0
5,60,0
5,61,0
5,62,0
5,63,0
5,64,0
5,65,0
5,66,0
5,67,0
5,68,0
5,69,0
5,70,0
5,71,0
5,72,0
5,73,0
5,74,0
5,75,0
5,76,0
5,77,0
5,78,0
5,79,0
5,80,0
5,81,0
5,82,0
5,83,0
5,84,0
5,85,0
5,86,0
5,87,0
5,88,0
5,89,0
5,90,0
5,91,0
5,92,0
5,93,0
5,94,0
5,95,0
5,96,0
5,96,1
5,97,0
5,97,1
5,98,0
5,98,1
5,99,0
5,99,1
5,100,0
5,100,1
5,101,0
5,101,1
5,102,0
5,102,1
5,103,0
5,103,1
5,104,0
5,104,1
5,105,0
5,105,1
5,106,0
5,106,1
5,107,0
5,107,1
5,108,0
5,108,1
5,109,0
5,109,1
5,110,0
5,110,1
5,111,0
5,111,1
5,112,0
5,112,1
5,113,0
5,113,1
5,114,0
5,114,1
5,115,0
5,115,1
5,116,0
5,116,1
5,117,0
5,117,1
5,118,0
5,118,1
5,119,0
5,119,1
5,120,0
5,120,1
5,121,0
5,121,1
5,122,0
5,122,1
5,123,0
5,123,1
5,124,0
5,124,1
5,125,0
5,125,1
5,126,0
5,126,1
5,127,0
5,127,1
5,128,0
5,128,1
5,129,0
5,129,1
5,130,0
5,130,1
5,131,0
5,131,1
5,132,0
5,132,1
5,133,0
5,133,1
5,134,0
5,134,1
5,135,0
5,135,1
5,136,0
5,136,1
5,137,0
5,137,1
5,138,0
5,138,1
5,139,0
5,139,1
5,140,0
5,140,1
5,141,0
5,141,1
5,142,0
5,142,1
5,143,0
5,143,1
5,144,0
5,144,1
5,145,0
5,145,1
5,146,0
5,146,1
5,147,0
5,147,1
5,148,0
5,148,1
5,149,0
5,149,1
5,150,0
5,150,1
5,151,0
5,151,1
5,152,0
5,152,1
5,153,0
5,153,1
5,154,0
5,154,1
5,155,0
5,155,1
5,156,0
5,156,1
5,157,0
5,157,1
5,158,0
5,158,1
5,159,0
5,159,1
5,160,0
5,160,1
5,161,0
5,161,1
5,162,0
5,162,1
5,163,0
5,163,1
5,164,0
5,164,1
5,165,0
5,165,1
5,166,0
5,166,1
5,167,0
5,167,1
5,168,0
5,168,1
5,169,0
5,169,1
5,170,0
5,170,1
5,171,0
5,171,1
5,172,0
5,172,1
5,173,0
5,173,1
5,174,0
5,174,1
5,175,0
5,175,1
5,176,0
5,176,1
5,177,0
5,177,1
5,178,0
5,178,1
5,179,0
5,179,1
5,180,0
5,180,1
5,181,0
5,181,1
5,182,0
5,182,1
5,183,0
5,183,1
5,184,0
5,184,1
5,185,0
5,185,1
5,186,0
5,186,1
5,187,0
5,187,1
5,188,0
5,188,1
5,189,0
5,189,1
5,190,0
5,190,1
5,191,0
5,191,1
5,192,0
5,193,0
5,194,0
5,195,0
5,196,0
5,197,0
5,198,0
5,199,0
5,200,0
5,201,0
5,202,0
5,203,0
5,204,0
5,205,0
5,206,0
5,207,0
5,208,0
5,209,0
5,210,0
5,211,0
5,212,0
5,213,0
5,214,0
5,215,0
5,216,0
5,217,0
5,218,0
5,219,0
5,220,0
5,221,0
5,222,0
5,223,0
5,224,0
5,225,0
5,226,0
5,227,0
5,228,0
5,229,0
5,230,0
5,231,0
5,232,0
5,233,0
5,234,0
5,235,0
5,236,0
5,237,0
5,238,0
5,239,0
5,240,0
5,241,0
5,242,0
5,243,0
5,244,0
5,245,0
5,246,0
5,247,0
5,248,0
5,249,0
5,250,0
5,251,0
5,252,0
5,253,0
5,254,0
5,255,0
5,256,0
5,257,0
5,258,0
5,259,0
5,260,0
5,261,0
5,262,0
5,263,0
5,264,0
5,265,0
5,266,0
5,267,0
5,268,0
5,269,0
5,270,0
5,271,0
5,272,0
5,273,0
5,274,0
5,275,0
5,276,0
5,277,0
5,278,0
5,279,0
5,280,0
5,281,0
5,282,0
5,283,0
5,284,0
5,285,0
5,286,0
5,287,0
5,288,0
5,288,1
5,289,0
5,289,1
5,290,0
5,290,1
5,291,0
5,291,1
5,292,0
5,292,1
5,293,0
5,293,1
5,294,0
5,294,1
5,295,0
5,295,1
5,296,0
5,296,1
5,297,0
5,297,1
5,298,0
5,298,1
5,299,0
5,299,1
5,300,0
5,300,1
5,301,0
5,301,1
5,302,0
5,302,1
5,303,0
5,303,1
5,304,0
5,304,1
5,305,0
5,305,1
5,306,0
5,306,1
5,307,0
5,307,1
5,308,0
5,308,1
5,309,0
5,309,1
5,310,0
5,310,1
5,311,0
5,311,1
5,312,0
5,312,1
5,313,0
5,313,1
5,314,0
5,314,1
5,315,0
5,315,1
5,316,0
5,316,1
5,317,0
5,317,1
5,318,0
5,318,1
5,319,0
5,319,1
5,320,0
5,320,1
5,321,0
5,321,1
5,322,0
5,322,1
5,323,0
5,323,1
5,324,0
5,324,1
5,325,0
5,325,1
5,326,0
5,326,1
5,327,0
5,327,1
5,328,0
5,328,1
5,329,0
5,329,1
5,330,0
5,330,1
5,331,0
5,331,1
5,332,0
5,332,1
5,333,0
5,333,1
5,334,0
5,334,1
5,335,0
5,335,1
5,336,0
5,336,1
5,337,0
5,337,1
5,338,0
5,338,1
5,339,0
5,339,1
5,340,0
5,340,1
5,341,0
5,341,1
5,342,0
5,342,1
5,343,0
5,343,1
5,344,0
5,344,1
5,345,0
5,345,1
5,346,0
5,346,1
5,347,0
5,347,1
5,348,0
5,348,1
5,349,0
5,349,1
5,350,0
5,350,1
5,351,0
5,351,1
5,352,0
5,352,1
5,353,0
5,353,1
5,354,0
5,354,1
5,355,0
5,355,1
5,356,0
5,356,1
5,357,0
5,357,1
5,358,0
5,358,1
5,359,0
5,359,1
5,360,0
5,360,1
5,361,0
5,361,1
5,362,0
5,362,1
5,363,0
5,363,1
5,364,0
5,364,1
5,365,0
5,365,1
5,366,0
5,366,1
5,367,0
5,367,1
5,368,0
5,368,1
5,369,0
5,369,1
5,370,0
5,370,1
5,371,0
5,371,1
5,372,0
5,372,1
5,373,0
5,373,1
5,374,0
5,374,1
5,375,0
5,375,1
5,376,0
5,376,1
5,377,0
5,377,1
5,378,0
5,378,1
5,379,0
5,379,1
5,380,0
5,380,1
5,381,0
5,381,1
5,382,0
5,382,1
5,383,0
5,383,1
6,0,0
6,1,0
6,2,0
6,3,0
6,4,0
6,5,0
6,6,0
6,7,0
6,8,0
6,9,0
6,10,0
6,11,0
6,12,0
6,13,0
6,14,0
6,15,0
6,16,0
6,17,0
6,18,0
6,19,0
6,20,0
6,21,0
6,22,0
6,23,0
6,24,0
6,25,0
6,26,0
6,27,0
6,28,0
6,29,0
6,30,0
6,31,0
6,32,0
6,33,0
6,34,0
6,35,0
6,36,0
6,37,0
6,38,0
6,39,0
6,40,0
6,41,0
6,42,0
6,43,0
6,44,0
6,45,0
6,46,0
6,47,0
6,48,0
6,49,0
6,50,0
6,51,0
6,52,0
6,53,0
6,54,0
6,55,0
6,56,0
6,57,0
6,58,0
6,59,0
6,60,0
6,61,0
6,62,0
6,63,0
6,64,0
6,65,0
6,66,0
6,67,0
6,68,0
6,69,0
6,70,0
6,71,0
6,72,0
6,73,0
6,74,0
6,75,0
6,76,0
6,77,0
6,78,0
6,79,0
6,80,0
6,81,0
6,82,0
6,83,0
6,84,0
6,85,0
6,86,0
6,87,0
6,88,0
6,89,0
6,90,0
6,91,0
6,92,0
6,93,0
6,94,0
6,95,0
6,96,0
6,96,1
6,97,0
6,97,1
6,98,0
6,98,1
6,99,0
6,99,1
6,100,0
6,100,1
6,101,0
6,101,1
6,102,0
6,102,1
6,103,0
6,103,1
6,104,0
6,104,1
6,105,0
6,105,1
6,106,0
6,106,1
6,107,0
6,107,1
6,108,0
6,108,1
6,109,0
6,109,1
6,110,0
6,110,1
6,111,0
6,111,1
6,112,0
6,112,1
6,113,0
6,113,1
6,114,0
6,114,1
6,115,0
6,115,1
6,116,0
6,116,1
6,117,0
6,117,1
6,118,0
6,118,1
6,119,0
6,119,1
6,120,0
6,120,1
6,121,0
6,121,1
6,122,0
6,122,1
6,123,0
6,123,1
6,124,0
6,124,1
6,125,0
6,125,1
6,126,0
6,126,1
6,127,0
6,127,1
6,128,0
6,128,1
6,129,0
6,129,1
6,130,0
6,130,1
6,131,0
6,131,1
6,132,0
6,132,1
6,133,0
6,133,1
6,134,0
6,134,1
6,135,0
6,135,1
6,136,0
6,136,1
6,137,0
6,137,1
6,138,0
6,138,1
6,139,0
6,139,1
6,140,0
6,140,1
6,141,0
6,141,1
6,142,0
6,142,1
6,143,0
6,143,1
6,144,0
6,144,1
6,145,0
6,145,1
6,146,0
6,146,1
6,147,0
6,147,1
6,148,0
6,148,1
6,149,0
6,149,1
6,150,0
6,150,1
6,151,0
6,151,1
6,152,0
6,152,1
6,153,0
6,153,1
6,154,0
6,154,1
6,155,0
6,155,1
6,156,0
6,156,1
6,157,0
6,157,1
6,158,0
6,158,1
6,159,0
6,159,1
6,160,0
6,160,1
6,161,0
6,161,1
6,162,0
6,162,1
6,163,0
6,163,1
6,164,0
6,164,1
6,165,0
6,165,1
6,166,0
6,166,1
6,167,0
6,167,1
6,168,0
6,168,1
6,169,0
6,169,1
6,170,0
6,170,1
6,171,0
6,171,1
6,172,0
6,172,1
6,173,0
6,173,1
6,174,0
6,174,1
6,175,0
6,175,1
6,176,0
6,176,1
6,177,0
6,177,1
6,178,0
6,178,1
6,179,0
6,179,1
6,180,0
6,180,1
6,181,0
6,181,1
6,182,0
6,182,1
6,183,0
6,183,1
6,184,0
6,184,1
6,185,0
6,185,1
6,186,0
6,186,1
6,187,0
6,187,1
6,188,0
6,188,1
6,189,0
6,189,1
6,190,0
6,190,1
6,191,0
6,191,1
6,192,0
6,193,0
6,194,0
6,195,0
6,196,0
6,197,0
6,198,0
6,199,0
6,200,0
6,201,0
6,202,0
6,203,0
6,204,0
6,205,0
6,206,0
6,207,0
6,208,0
6,209,0
6,210,0
6,211,0
6,212,0
6,213,0
6,214,0
6,215,0
6,216,0
6,217,0
6,218,0
6,219,0
6,220,0
6,221,0
6,222,0
6,223,0
6,224,0
6,225,0
6,226,0
6,227,0
6,228,0
6,229,0
6,230,0
6,231,0
6,232,0
6,233,0
6,234,0
6,235,0
6,236,0
6,237,0
6,238,0
6,239,0
6,240,0
6,241,0
6,242,0
6,243,0
6,244,0
6,245,0
6,246,0
6,247,0
6,248,0
6,249,0
6,250,0
6,251,0
6,252,0
6,253,0
6,254,0
6,255,0
6,256,0
6,257,0
6,258,0
6,259,0
6,260,0
6,261,0
6,262,0
6,263,0
6,264,0
6,265,0
6,266,0
6,267,0
6,268,0
6,269,0
6,270,0
6,271,0
6,272,0
6,273,0
6,274,0
6,275,0
6,276,0
6,277,0
6,278,0
6,279,0
6,280,0
6,281,0
6,282,0
6,283,0
6,284,0
6,285,0
6,286,0
6,287,0
6,288,0
6,288,1
6,289,0
6,289,1
6,290,0
6,290,1
6,291,0
6,291,1
6,292,0
6,292,1
6,293,0
6,293,1
6,294,0
6,294,1
6,295,0
6,295,1
6,296,0
6,296,1
6,297,0
6,297,1
6,298,0
6,298,1
6,299,0
6,299,1
6,300,0
6,300,1
6,301,0
6,301,1
6,302,0
6,302,1
6,303,0
6,303,1
6,304,0
6,304,1
6,305,0
6,305,1
6,306,0
6,306,1
6,307,0
6,307,1
6,308,0
6,308,1
6,309,0
6,309,1
6,310,0
6,310,1
6,311,0
6,311,1
6,312,0
6,312,1
6,313,0
6,313,1
6,314,0
6,314,1
6,315,0
6,315,1
6,316,0
6,316,1
6,317,0
6,317,1
6,318,0
6,318,1
6,319,0
6,319,1
6,320,0
6,320,1
6,321,0
6,321,1
6,322,0
6,322,1
6,323,0
6,323,1
6,324,0
6,324,1
6,325,0
6,325,1
6,326,0
6,326,1
6,327,0
6,327,1
6,328,0
6,328,1
6,329,0
6,329,1
6,330,0
6,330,1
6,331,0
6,331,1
6,332,0
6,332,1
6,333,0
6,333,1
6,334,0
6,334,1
6,335,0
6,335,1
6,336,0
6,336,1
6,337,0
6,337,1
6,338,0
6,338,1
6,339,0
6,339,1
6,340,0
6,340,1
6,341,0
6,341,1
6,342,0
6,342,1
6,343,0
6,343,1
6,344,0
6,344,1
6,345,0
6,345,1
6,346,0
6,346,1
6,347,0
6,347,1
6,348,0
6,348,1
6,349,0
6,349,1
6,350,0
6,350,1
6,351,0
6,351,1
6,352,0
6,352,1
6,353,0
6,353,1
6,354,0
6,354,1
6,355,0
6,355,1
6,356,0
6,356,1
6,357,0
6,357,1
6,358,0
6,358,1
6,359,0
6,359,1
6,360,0
6,360,1
6,361,0
6,361,1
6,362,0
6,362,1
6,363,0
6,363,1
6,364,0
6,364,1
6,365,0
6,365,1
6,366,0
6,366,1
6,367,0
6,367,1
6,368,0
6,368,1
6,369,0
6,369,1
6,370,0
6,370,1
6,371,0
6,371,1
6,372,0
6,372,1
6,373,0
6,373,1
6,374,0
6,374,1
6,375,0
6,375,1
6,376,0
6,376,1
6,377,0
6,377,1
6,378,0
6,378,1
6,379,0
6,379,1
6,380,0
6,380,1
6,381,0
6,381,1
6,382,0
6,382,1
6,383,0
6,383,1
7,0,0
7,1,0
7,2,0
7,3,0
7,4,0
7,5,0
7,6,0
7,7,0
7,8,0
7,9,0
7,10,0
7,11,0
7,12,0
7,13,0
7,14,0
7,15,0
7,16,0
7,17,0
7,18,0
7,19,0
7,20,0
7,21,0
7,22,0
7,23,0
7,24,0
7,25,0
7,26,0
7,27,0
7,28,0
7,29,0
7,30,0
7,31,0
7,32,0
7,33,0
7,34,0
7,35,0
7,36,0
7,37,0
7,38,0
7,39,0
7,40,0
7,41,0
7,42,0
7,43,0
7,44,0
7,45,0
7,46,0
7,47,0
7,48,0
7,49,0
7,50,0
7,51,0
7,52,0
7,53,0
7,54,0
7,55,0
7,56,0
7,57,0
7,58,0
7,59,0
7,60,0
7,61,0
7,62,0
7,63,0
7,64,0
7,65,0
7,66,0
7,67,0
7,68,0
7,69,0
7,70,0
7,71,0
7,72,0
7,73,0
7,74,0
7,75,0
7,76,0
7,77,0
7,78,0
7,79,0
7,80,0
7,81,0
7,82,0
7,83,0
7,84,0
7,85,0
7,86,0
7,87,0
7,88,0
7,89,0
7,90,0
7,91,0
7,92,0
7,93,0
7,94,0
7,95,0
7,96,0
7,96,1
7,97,0
7,97,1
7,98,0
7,98,1
7,99,0
7,99,1
7,100,0
7,100,1
7,101,0
7,101,1
7,102,0
7,102,1
7,103,0
7,103,1
7,104,0
7,104,1
7,105,0
7,105,1
7,106,0
7,106,1
7,107,0
7,107,1
7,108,0
7,108,1
7,109,0
7,109,1
7,110,0
7,110,1
7,111,0
7,111,1
7,112,0
7,112,1
7,113,0
7,113,1
7,114,0
7,114,1
7,115,0
7,115,1
7,116,0
7,116,1
7,117,0
7,117,1
7,118,0
7,118,1
7,119,0
7,119,1
7,120,0
7,120,1
7,121,0
7,121,1
7,122,0
7,122,1
7,123,0
7,123,1
7,124,0
7,124,1
7,125,0
7,125,1
7,126,0
7,126,1
7,127,0
7,127,1
7,128,0
7,128,1
7,129,0
7,129,1
7,130,0
7,130,1
7,131,0
7,131,1
7,132,0
7,132,1
7,133,0
7,133,1
7,134,0
7,134,1
7,135,0
7,135,1
7,136,0
7,136,1
7,137,0
7,137,1
7,138,0
7,138,1
7,139,0
7,139,1
7,140,0
7,140,1
7,141,0
7,141,1
7,142,0
7,142,1
7,143,0
7,143,1
7,144,0
7,144,1
7,145,0
7,145,1
7,146,0
7,146,1
7,147,0
7,147,1
7,148,0
7,148,1
7,149,0
7,149,1
7,150,0
7,150,1
7,151,0
7,151,1
7,152,0
7,152,1
7,153,0
7,153,1
7,154,0
7,154,1
7,155,0
7,155,1
7,156,0
7,156,1
7,157,0
7,157,1
7,158,0
7,158,1
7,159,0
7,159,1
7,160,0
7,160,1
7,161,0
7,161,1
7,162,0
7,162,1
7,163,0
7,163,1
7,164,0
7,164,1
7,165,0
7,165,1
7,166,0
7,166,1
7,167,0
7,167,1
7,168,0
7,168,1
7,169,0
7,169,1
7,170,0
7,170,1
7,171,0
7,171,1
7,172,0
7,172,1
7,173,0
7,173,1
7,174,0
7,174,1
7,175,0
7,175,1
7,176,0
7,176,1
7,177,0
7,177,1
7,178,0
7,178,1
7,179,0
7,179,1
7,180,0
7,180,1
7,181,0
7,181,1
7,182,0
7,182,1
7,183,0
7,183,1
7,184,0
7,184,1
7,185,0
7,185,1
7,186,0
7,186,1
7,187,0
7,187,1
7,188,0
7,188,1
7,189,0
7,189,1
7,190,0
7,190,1
7,191,0
7,191,1
7,192,0
7,193,0
7,194,0
7,195,0
7,196,0
7,197,0
7,198,0
7,199,0
7,200,0
7,201,0
7,202,0
7,203,0
7,204,0
7,205,0
7,206,0
7,207,0
7,208,0
7,209,0
7,210,0
7,211,0
7,212,0
7,213,0
7,214,0
7,215,0
7,216,0
7,217,0
7,218,0
7,219,0
7,220,0
7,221,0
7,222,0
7,223,0
7,224,0
7,225,0
7,226,0
7,227,0
7,228,0
7,229,0
7,230,0
7,231,0
7,232,0
7,233,0
7,234,0
7,235,0
7,236,0
7,237,0
7,238,0
7,239,0
7,240,0
7,241,0
7,242,0
7,243,0
7,244,0
7,245,0
7,246,0
7,247,0
7,248,0
7,249,0
7,250,0
7,251,0
7,252,0
7,253,0
7,254,0
7,255,0
7,256,0
7,257,0
7,258,0
7,259,0
7,260,0
7,261,0
7,262,0
7,263,0
7,264,0
7,265,0
7,266,0
7,267,0
7,268,0
7,269,0
7,270,0
7,271,0
7,272,0
7,273,0
7,274,0
7,275,0
7,276,0
7,277,0
7,278,0
7,279,0
7,280,0
7,281,0
7,282,0
7,283,0
7,284,0
7,285,0
7,286,0
7,287,0
7,288,0
7,288,1
7,289,0
7,289,1
7,290,0
7,290,1
7,291,0
7,291,1
7,292,0
7,292,1
7,293,0
7,293,1
7,294,0
7,294,1
7,295,0
7,295,1
7,296,0
7,296,1
7,297,0
7,297,1
7,298,0
7,298,1
7,299,0
7,299,1
7,300,0
7,300,1
7,301,0
7,301,1
7,302,0
7,302,1
7,303,0
7,303,1
7,304,0
7,304,1
7,305,0
7,305,1
7,306,0
7,306,1
7,307,0
7,307,1
7,308,0
7,308,1
7,309,0
7,309,1
7,310,0
7,310,1
7,311,0
7,311,1
7,312,0
7,312,1
7,313,0
7,313,1
7,314,0
7,314,1
7,315,0
7,315,1
7,316,0
7,316,1
7,317,0
7,317,1
7,318,0
7,318,1
7,319,0
7,319,1
7,320,0
7,320,1
7,321,0
7,321,1
7,322,0
7,322,1
7,323,0
7,323,1
7,324,0
7,324,1
7,325,0
7,325,1
7,326,0
7,326,1
7,327,0
7,327,1
7,328,0
7,328,1
7,329,0
7,329,1
7,330,0
7,330,1
7,331,0
7,331,1
7,332,0
7,332,1
7,333,0
7,333,1
7,334,0
7,334,1
7,335,0
7,335,1
7,336,0
7,336,1
7,337,0
7,337,1
7,338,0
7,338,1
7,339,0
7,339,1
7,340,0
7,340,1
7,341,0
7,341,1
7,342,0
7,342,1
7,343,0
7,343,1
7,344,0
7,344,1
7,345,0
7,345,1
7,346,0
7,346,1
7,347,0
7,347,1
7,348,0
7,348,1
7,349,0
7,349,1
7,350,0
7,350,1
7,351,0
7,351,1
7,352,0
7,352,1
7,353,0
7,353,1
7,354,0
7,354,1
7,355,0
7,355,1
7,356,0
7,356,1
7,357,0
7,357,1
7,358,0
7,358,1
7,359,0
7,359,1
7,360,0
7,360,1
7,361,0
7,361,1
7,362,0
7,362,1
7,363,0
7,363,1
7,364,0
7,364,1
7,365,0
7,365,1
7,366,0
7,366,1
7,367,0
7,367,1
7,368,0
7,368,1
7,369,0
7,369,1
7,370,0
7,370,1
7,371,0
7,371,1
7,372,0
7,372,1
7,373,0
7,373,1
7,374,0
7,374,1
7,375,0
7,375,1
7,376,0
7,376,1
7,377,0
7,377,1
7,378,0
7,378,1
7,379,0
7,379,1
7,380,0
7,380,1
7,381,0
7,381,1
7,382,0
7,382,1
7,383,0
7,383,1
8,0,0
8,1,0
8,2,0
8,3,0
8,4,0
8,5,0
8,6,0
8,7,0
8,8,0
8,9,0
8,10,0
8,11,0
8,12,0
8,13,0
8,14,0
8,15,0
8,16,0
8,17,0
8,18,0
8,19,0
8,20,0
8,21,0
8,22,0
8,23,0
8,24,0
8,25,0
8,26,0
8,27,0
8,28,0
8,29,0
8,30,0
8,31,0
8,32,0
8,33,0
8,34,0
8,35,0
8,36,0
8,37,0
8,38,0
8,39,0
8,40,0
8,41,0
8,42,0
8,43,0
8,44,0
8,45,0
8,46,0
8,47,0
8,48,0
8,49,0
8,50,0
8,51,0
8,52,0
8,53,0
8,54,0
8,55,0
8,56,0
8,57,0
8,58,0
8,59,0
8,60,0
8,61,0
8,62,0
8,63,0
8,64,0
8,65,0
8,66,0
8,67,0
8,68,0
8,69,0
8,70,0
8,71,0
8,72,0
8,73,0
8,74,0
8,75,0
8,76,0
8,77,0
8,78,0
8,79,0
8,80,0
8,81,0
8,82,0
8,83,0
8,84,0
8,85,0
8,86,0
8,87,0
8,88,0
8,89,0
8,90,0
8,91,0
8,92,0
8,93,0
8,94,0
8,95,0
8,96,0
8,97,0
8,98,0
8,99,0
8,100,0
8,101,0
8,102,0
8,103,0
8,104,0
8,105,0
8,106,0
8,107,0
8,108,0
8,109,0
8,110,0
8,111,0
8,112,0
8,113,0
8,114,0
8,115,0
8,116,0
8,117,0
8,118,0
8,119,0
8,120,0
8,121,0
8,122,0
8,123,0
8,124,0
8,125,0
8,126,0
8,127,0
8,128,0
8,129,0
8,130,0
8,131,0
8,132,0
8,133,0
8,134,0
8,135,0
8,136,0
8,137,0
8,138,0
8,139,0
8,140,0
8,141,0
8,142,0
8,143,0
8,144,0
8,145,0
8,146,0
8,147,0
8,148,0
8,149,0
8,150,0
8,151,0
8,152,0
8,153,0
8,154,0
8,155,0
8,156,0
8,157,0
8,158,0
8,159,0
8,160,0
8,161,0
8,162,0
8,163,0
8,164,0
8,165,0
8,166,0
8,167,0
8,168,0
8,169,0
8,170,0
8,171,0
8,172,0
8,173,0
8,174,0
8,175,0
8,176,0
8,177,0
8,178,0
8,179,0
8,180,0
8,181,0
8,182,0
8,183,0
8,184,0
8,185,0
8,186,0
8,187,0
8,188,0
8,189,0
8,190,0
8,191,0
8,192,0
8,193,0
8,194,0
8,195,0
8,196,0
8,197,0
8,198,0
8,199,0
8,200,0
8,201,0
8,202,0
8,203,0
8,204,0
8,205,0
8,206,0
8,207,0
8,208,0
8,209,0
8,210,0
8,211,0
8,212,0
8,213,0
8,214,0
8,215,0
8,216,0
8,217,0
8,218,0
8,219,0
8,220,0
8,221,0
8,222,0
8,223,0
8,224,0
8,225,0
8,226,0
8,227,0
8,228,0
8,229,0
8,230,0
8,231,0
8,232,0
8,233,0
8,234,0
8,235,0
8,236,0
8,237,0
8,238,0
8,239,0
8,240,0
8,241,0
8,242,0
8,243,0
8,244,0
8,245,0
8,246,0
8,247,0
8,248,0
8,249,0
8,250,0
8,251,0
8,252,0
8,253,0
8,254,0
8,255,0
8,256,0
8,257,0
8,258,0
8,259,0
8,260,0
8,261,0
8,262,0
8,263,0
8,264,0
8,265,0
8,266,0
8,267,0
8,268,0
8,269,0
8,270,0
8,271,0
8,272,0
8,273,0
8,274,0
8,275,0
8,276,0
8,277,0
8,278,0
8,279,0
8,280,0
8,281,0
8,282,0
8,283,0
8,284,0
8,285,0
8,286,0
8,287,0
8,288,0
8,288,1
8,289,0
8,289,1
8,290,0
8,290,1
8,291,0
8,291,1
8,292,0
8,292,1
8,293,0
8,293,1
8,294,0
8,294,1
8,295,0
8,295,1
8,296,0
8,296,1
8,297,0
8,297,1
8,298,0
8,298,1
8,299,0
8,299,1
8,300,0
8,300,1
8,301,0
8,301,1
8,302,0
8,302,1
8,303,0
8,303,1
8,304,0
8,304,1
8,305,0
8,305,1
8,306,0
8,306,1
8,307,0
8,307,1
8,308,0
8,308,1
8,309,0
8,309,1
8,310,0
8,310,1
8,311,0
8,311,1
8,312,0
8,312,1
8,313,0
8,313,1
8,314,0
8,314,1
8,315,0
8,315,1
8,316,0
8,316,1
8,317,0
8,317,1
8,318,0
8,318,1
8,319,0
8,319,1
8,320,0
8,320,1
8,321,0
8,321,1
8,322,0
8,322,1
8,323,0
8,323,1
8,324,0
8,324,1
8,325,0
8,325,1
8,326,0
8,326,1
8,327,0
8,327,1
8,328,0
8,328,1
8,329,0
8,329,1
8,330,0
8,330,1
8,331,0
8,331,1
8,332,0
8,332,1
8,333,0
8,333,1
8,334,0
8,334,1
8,335,0
8,335,1
8,336,0
8,336,1
8,337,0
8,337,1
8,338,0
8,338,1
8,339,0
8,339,1
8,340,0
8,340,1
8,341,0
8,341,1
8,342,0
8,342,1
8,343,0
8,343,1
8,344,0
8,344,1
8,345,0
8,345,1
8,346,0
8,346,1
8,347,0
8,347,1
8,348,0
8,348,1
8,349,0
8,349,1
8,350,0
8,350,1
8,351,0
8,351,1
8,352,0
8,352,1
8,353,0
8,353,1
8,354,0
8,354,1
8,355,0
8,355,1
8,356,0
8,356,1
8,357,0
8,357,1
8,358,0
8,358,1
8,359,0
8,359,1
8,360,0
8,360,1
8,361,0
8,361,1
8,362,0
8,362,1
8,363,0
8,363,1
8,364,0
8,364,1
8,365,0
8,365,1
8,366,0
8,366,1
8,367,0
8,367,1
8,368,0
8,368,1
8,369,0
8,369,1
8,370,0
8,370,1
8,371,0
8,371,1
8,372,0
8,372,1
8,373,0
8,373,1
8,374,0
8,374,1
8,375,0
8,375,1
8,376,0
8,376,1
8,377,0
8,377,1
8,378,0
8,378,1
8,379,0
8,379,1
8,380,0
8,380,1
8,381,0
8,381,1
8,382,0
8,382,1
8,383,0
8,383,1
