1,0,0
1,1,0
1,2,0
1,3,0
1,4,0
1,5,0
1,6,0
1,7,0
1,8,0
1,9,0
1,10,0
1,11,0
1,12,0
1,13,0
1,14,0
1,15,0
1,16,0
1,17,0
1,18,0
1,19,0
1,20,0
1,21,0
1,22,0
1,23,0
1,24,0
1,25,0
1,26,0
1,27,0
1,28,0
1,29,0
1,30,0
1,31,0
1,32,0
1,33,0
1,34,0
1,35,0
1,36,0
1,37,0
1,38,0
1,39,0
1,40,0
1,41,0
1,42,0
1,43,0
1,44,0
1,45,0
1,46,0
1,47,0
1,48,0
1,49,0
1,50,0
1,51,0
1,52,0
1,53,0
1,54,0
1,55,0
1,56,0
1,57,0
1,58,0
1,59,0
1,60,0
1,61,0
1,62,0
1,63,0
1,64,0
1,65,0
1,66,0
1,67,0
1,68,0
1,69,0
1,70,0
1,71,0
1,72,0
1,73,0
1,74,0
1,75,0
1,76,0
1,77,0
1,78,0
1,79,0
1,80,0
1,81,0
1,82,0
1,83,0
1,84,0
1,85,0
1,86,0
1,87,0
1,88,0
1,89,0
1,90,0
1,91,0
1,92,0
1,93,0
1,94,0
1,95,0
1,96,0
1,97,0
1,98,0
1,99,0
1,100,0
1,101,0
1,102,0
1,103,0
1,104,0
1,105,0
1,106,0
1,107,0
1,108,0
1,109,0
1,110,0
1,111,0
1,112,0
1,113,0
1,114,0
1,115,0
1,116,0
1,117,0
1,118,0
1,119,0
1,120,0
1,121,0
1,122,0
1,123,0
1,124,0
1,125,0
1,126,0
1,127,0
1,128,0
1,128,1
1,129,0
1,129,1
1,130,0
1,130,1
1,131,0
1,131,1
1,132,0
1,132,1
1,133,0
1,133,1
1,134,0
1,134,1
1,135,0
1,135,1
1,136,0
1,136,1
1,137,0
1,137,1
1,138,0
1,138,1
1,139,0
1,139,1
1,140,0
1,140,1
1,141,0
1,141,1
1,142,0
1,142,1
1,143,0
1,143,1
1,144,0
1,144,1
1,145,0
1,145,1
1,146,0
1,146,1
1,147,0
1,147,1
1,148,0
1,148,1
1,149,0
1,149,1
1,150,0
1,150,1
1,151,0
1,151,1
1,152,0
1,152,1
1,153,0
1,153,1
1,154,0
1,154,1
1,155,0
1,155,1
1,156,0
1,156,1
1,157,0
1,157,1
1,158,0
1,158,1
1,159,0
1,159,1
1,160,0
1,160,1
1,161,0
1,161,1
1,162,0
1,162,1
1,163,0
1,163,1
1,164,0
1,164,1
1,165,0
1,165,1
1,166,0
1,166,1
1,167,0
1,167,1
1,168,0
1,168,1
1,169,0
1,169,1
1,170,0
1,170,1
1,171,0
1,171,1
1,172,0
1,172,1
1,173,0
1,173,1
1,174,0
1,174,1
1,175,0
1,175,1
1,176,0
1,176,1
1,177,0
1,177,1
1,178,0
1,178,1
1,179,0
1,179,1
1,180,0
1,180,1
1,181,0
1,181,1
1,182,0
1,182,1
1,183,0
1,183,1
1,184,0
1,184,1
1,185,0
1,185,1
1,186,0
1,186,1
1,187,0
1,187,1
1,188,0
1,188,1
1,189,0
1,189,1
1,190,0
1,190,1
1,191,0
1,191,1
1,192,0
1,192,1
1,193,0
1,193,1
1,194,0
1,194,1
1,195,0
1,195,1
1,196,0
1,196,1
1,197,0
1,197,1
1,198,0
1,198,1
1,199,0
1,199,1
1,200,0
1,200,1
1,201,0
1,201,1
1,202,0
1,202,1
1,203,0
1,203,1
1,204,0
1,204,1
1,205,0
1,205,1
1,206,0
1,206,1
1,207,0
1,207,1
1,208,0
1,208,1
1,209,0
1,209,1
1,210,0
1,210,1
1,211,0
1,211,1
1,212,0
1,212,1
1,213,0
1,213,1
1,214,0
1,214,1
1,215,0
1,215,1
1,216,0
1,216,1
1,217,0
1,217,1
1,218,0
1,218,1
1,219,0
1,219,1
1,220,0
1,220,1
1,221,0
1,221,1
1,222,0
1,222,1
1,223,0
1,223,1
1,224,0
1,224,1
1,225,0
1,225,1
1,226,0
1,226,1
1,227,0
1,227,1
1,228,0
1,228,1
1,229,0
1,229,1
1,230,0
1,230,1
1,231,0
1,231,1
1,232,0
1,232,1
1,233,0
1,233,1
1,234,0
1,234,1
1,235,0
1,235,1
1,236,0
1,236,1
1,237,0
1,237,1
1,238,0
1,238,1
1,239,0
1,239,1
1,240,0
1,240,1
1,241,0
1,241,1
1,242,0
1,242,1
1,243,0
1,243,1
1,244,0
1,244,1
1,245,0
1,245,1
1,246,0
1,246,1
1,247,0
1,247,1
1,248,0
1,248,1
1,249,0
1,249,1
1,250,0
1,250,1
1,251,0
1,251,1
1,252,0
1,252,1
1,253,0
1,253,1
1,254,0
1,254,1
1,255,0
1,255,1
1,256,0
1,257,0
1,258,0
1,259,0
1,260,0
1,261,0
1,262,0
1,263,0
1,264,0
1,265,0
1,266,0
1,267,0
1,268,0
1,269,0
1,270,0
1,271,0
1,272,0
1,273,0
1,274,0
1,275,0
1,276,0
1,277,0
1,278,0
1,279,0
1,280,0
1,281,0
1,282,0
1,283,0
1,284,0
1,285,0
1,286,0
1,287,0
1,288,0
1,289,0
1,290,0
1,291,0
1,292,0
1,293,0
1,294,0
1,295,0
1,296,0
1,297,0
1,298,0
1,299,0
1,300,0
1,301,0
1,302,0
1,303,0
1,304,0
1,305,0
1,306,0
1,307,0
1,308,0
1,309,0
1,310,0
1,311,0
1,312,0
1,313,0
1,314,0
1,315,0
1,316,0
1,317,0
1,318,0
1,319,0
1,320,0
1,321,0
1,322,0
1,323,0
1,324,0
1,325,0
1,326,0
1,327,0
1,328,0
1,329,0
1,330,0
1,331,0
1,332,0
1,333,0
1,334,0
1,335,0
1,336,0
1,337,0
1,338,0
1,339,0
1,340,0
1,341,0
1,342,0
1,343,0
1,344,0
1,345,0
1,346,0
1,347,0
1,348,0
1,349,0
1,350,0
1,351,0
1,352,0
1,353,0
1,354,0
1,355,0
1,356,0
1,357,0
1,358,0
1,359,0
1,360,0
1,361,0
1,362,0
1,363,0
1,364,0
1,365,0
1,366,0
1,367,0
1,368,0
1,369,0
1,370,0
1,371,0
1,372,0
1,373,0
1,374,0
1,375,0
1,376,0
1,377,0
1,378,0
1,379,0
1,380,0
1,381,0
1,382,0
1,383,0
1,384,0
1,384,1
1,385,0
1,385,1
1,386,0
1,386,1
1,387,0
1,387,1
1,388,0
1,388,1
1,389,0
1,389,1
1,390,0
1,390,1
1,391,0
1,391,1
1,392,0
1,392,1
1,393,0
1,393,1
1,394,0
1,394,1
1,395,0
1,395,1
1,396,0
1,396,1
1,397,0
1,397,1
1,398,0
1,398,1
1,399,0
1,399,1
1,400,0
1,400,1
1,401,0
1,401,1
1,402,0
1,402,1
1,403,0
1,403,1
1,404,0
1,404,1
1,405,0
1,405,1
1,406,0
1,406,1
1,407,0
1,407,1
1,408,0
1,408,1
1,409,0
1,409,1
1,410,0
1,410,1
1,411,0
1,411,1
1,412,0
1,412,1
1,413,0
1,413,1
1,414,0
1,414,1
1,415,0
1,415,1
1,416,0
1,416,1
1,417,0
1,417,1
1,418,0
1,418,1
1,419,0
1,419,1
1,420,0
1,420,1
1,421,0
1,421,1
1,422,0
1,422,1
1,423,0
1,423,1
1,424,0
1,424,1
1,425,0
1,425,1
1,426,0
1,426,1
1,427,0
1,427,1
1,428,0
1,428,1
1,429,0
1,429,1
1,430,0
1,430,1
1,431,0
1,431,1
1,432,0
1,432,1
1,433,0
1,433,1
1,434,0
1,434,1
1,435,0
1,435,1
1,436,0
1,436,1
1,437,0
1,437,1
1,438,0
1,438,1
1,439,0
1,439,1
1,440,0
1,440,1
1,441,0
1,441,1
1,442,0
1,442,1
1,443,0
1,443,1
1,444,0
1,444,1
1,445,0
1,445,1
1,446,0
1,446,1
1,447,0
1,447,1
1,448,0
1,448,1
1,449,0
1,449,1
1,450,0
1,450,1
1,451,0
1,451,1
1,452,0
1,452,1
1,453,0
1,453,1
1,454,0
1,454,1
1,455,0
1,455,1
1,456,0
1,456,1
1,457,0
1,457,1
1,458,0
1,458,1
1,459,0
1,459,1
1,460,0
1,460,1
1,461,0
1,461,1
1,462,0
1,462,1
1,463,0
1,463,1
1,464,0
1,464,1
1,465,0
1,465,1
1,466,0
1,466,1
1,467,0
1,467,1
1,468,0
1,468,1
1,469,0
1,469,1
1,470,0
1,470,1
1,471,0
1,471,1
1,472,0
1,472,1
1,473,0
1,473,1
1,474,0
1,474,1
1,475,0
1,475,1
1,476,0
1,476,1
1,477,0
1,477,1
1,478,0
1,478,1
1,479,0
1,479,1
1,480,0
1,480,1
1,481,0
1,481,1
1,482,0
1,482,1
1,483,0
1,483,1
1,484,0
1,484,1
1,485,0
1,485,1
1,486,0
1,486,1
1,487,0
1,487,1
1,488,0
1,488,1
1,489,0
1,489,1
1,490,0
1,490,1
1,491,0
1,491,1
1,492,0
1,492,1
1,493,0
1,493,1
1,494,0
1,494,1
1,495,0
1,495,1
1,496,0
1,496,1
1,497,0
1,497,1
1,498,0
1,498,1
1,499,0
1,499,1
1,500,0
1,500,1
1,501,0
1,501,1
1,502,0
1,502,1
1,503,0
1,503,1
1,504,0
1,504,1
1,505,0
1,505,1
1,506,0
1,506,1
1,507,0
1,507,1
1,508,0
1,508,1
1,509,0
1,509,1
1,510,0
1,510,1
1,511,0
1,511,1
2,0,0
2,1,0
2,2,0
2,3,0
2,4,0
2,5,0
2,6,0
2,7,0
2,8,0
2,9,0
2,10,0
2,11,0
2,12,0
2,13,0
2,14,0
2,15,0
2,16,0
2,17,0
2,18,0
2,19,0
2,20,0
2,21,0
2,22,0
2,23,0
2,24,0
2,25,0
2,26,0
2,27,0
2,28,0
2,29,0
2,30,0
2,31,0
2,32,0
2,33,0
2,34,0
2,35,0
2,36,0
2,37,0
2,38,0
2,39,0
2,40,0
2,41,0
2,42,0
2,43,0
2,44,0
2,45,0
2,46,0
2,47,0
2,48,0
2,49,0
2,50,0
2,51,0
2,52,0
2,53,0
2,54,0
2,55,0
2,56,0
2,57,0
2,58,0
2,59,0
2,60,0
2,61,0
2,62,0
2,63,0
2,64,0
2,65,0
2,66,0
2,67,0
2,68,0
2,69,0
2,70,0
2,71,0
2,72,0
2,73,0
2,74,0
2,75,0
2,76,0
2,77,0
2,78,0
2,79,0
2,80,0
2,81,0
2,82,0
2,83,0
2,84,0
2,85,0
2,86,0
2,87,0
2,88,0
2,89,0
2,90,0
2,91,0
2,92,0
2,93,0
2,94,0
2,95,0
2,96,0
2,97,0
2,98,0
2,99,0
2,100,0
2,101,0
2,102,0
2,103,0
2,104,0
2,105,0
2,106,0
2,107,0
2,108,0
2,109,0
2,110,0
2,111,0
2,112,0
2,113,0
2,114,0
2,115,0
2,116,0
2,117,0
2,118,0
2,119,0
2,120,0
2,121,0
2,122,0
2,123,0
2,124,0
2,125,0
2,126,0
2,127,0
2,128,0
2,128,1
2,129,0
2,129,1
2,130,0
2,130,1
2,131,0
2,131,1
2,132,0
2,132,1
2,133,0
2,133,1
2,134,0
2,134,1
2,135,0
2,135,1
2,136,0
2,136,1
2,137,0
2,137,1
2,138,0
2,138,1
2,139,0
2,139,1
2,140,0
2,140,1
2,141,0
2,141,1
2,142,0
2,142,1
2,143,0
2,143,1
2,144,0
2,144,1
2,145,0
2,145,1
2,146,0
2,146,1
2,147,0
2,147,1
2,148,0
2,148,1
2,149,0
2,149,1
2,150,0
2,150,1
2,151,0
2,151,1
2,152,0
2,152,1
2,153,0
2,153,1
2,154,0
2,154,1
2,155,0
2,155,1
2,156,0
2,156,1
2,157,0
2,157,1
2,158,0
2,158,1
2,159,0
2,159,1
2,160,0
2,160,1
2,161,0
2,161,1
2,162,0
2,162,1
2,163,0
2,163,1
2,164,0
2,164,1
2,165,0
2,165,1
2,166,0
2,166,1
2,167,0
2,167,1
2,168,0
2,168,1
2,169,0
2,169,1
2,170,0
2,170,1
2,171,0
2,171,1
2,172,0
2,172,1
2,173,0
2,173,1
2,174,0
2,174,1
2,175,0
2,175,1
2,176,0
2,176,1
2,177,0
2,177,1
2,178,0
2,178,1
2,179,0
2,179,1
2,180,0
2,180,1
2,181,0
2,181,1
2,182,0
2,182,1
2,183,0
2,183,1
2,184,0
2,184,1
2,185,0
2,185,1
2,186,0
2,186,1
2,187,0
2,187,1
2,188,0
2,188,1
2,189,0
2,189,1
2,190,0
2,190,1
2,191,0
2,191,1
2,192,0
2,192,1
2,193,0
2,193,1
2,194,0
2,194,1
2,195,0
2,195,1
2,196,0
2,196,1
2,197,0
2,197,1
2,198,0
2,198,1
2,199,0
2,199,1
2,200,0
2,200,1
2,201,0
2,201,1
2,202,0
2,202,1
2,203,0
2,203,1
2,204,0
2,204,1
2,205,0
2,205,1
2,206,0
2,206,1
2,207,0
2,207,1
2,208,0
2,208,1
2,209,0
2,209,1
2,210,0
2,210,1
2,211,0
2,211,1
2,212,0
2,212,1
2,213,0
2,213,1
2,214,0
2,214,1
2,215,0
2,215,1
2,216,0
2,216,1
2,217,0
2,217,1
2,218,0
2,218,1
2,219,0
2,219,1
2,220,0
2,220,1
2,221,0
2,221,1
2,222,0
2,222,1
2,223,0
2,223,1
2,224,0
2,224,1
2,225,0
2,225,1
2,226,0
2,226,1
2,227,0
2,227,1
2,228,0
2,228,1
2,229,0
2,229,1
2,230,0
2,230,1
2,231,0
2,231,1
2,232,0
2,232,1
2,233,0
2,233,1
2,234,0
2,234,1
2,235,0
2,235,1
2,236,0
2,236,1
2,237,0
2,237,1
2,238,0
2,238,1
2,239,0
2,239,1
2,240,0
2,240,1
2,241,0
2,241,1
2,242,0
2,242,1
2,243,0
2,243,1
2,244,0
2,244,1
2,245,0
2,245,1
2,246,0
2,246,1
2,247,0
2,247,1
2,248,0
2,248,1
2,249,0
2,249,1
2,250,0
2,250,1
2,251,0
2,251,1
2,252,0
2,252,1
2,253,0
2,253,1
2,254,0
2,254,1
2,255,0
2,255,1
2,256,0
2,257,0
2,258,0
2,259,0
2,260,0
2,261,0
2,262,0
2,263,0
2,264,0
2,265,0
2,266,0
2,267,0
2,268,0
2,269,0
2,270,0
2,271,0
2,272,0
2,273,0
2,274,0
2,275,0
2,276,0
2,277,0
2,278,0
2,279,0
2,280,0
2,281,0
2,282,0
2,283,0
2,284,0
2,285,0
2,286,0
2,287,0
2,288,0
2,289,0
2,290,0
2,291,0
2,292,0
2,293,0
2,294,0
2,295,0
2,296,0
2,297,0
2,298,0
2,299,0
2,300,0
2,301,0
2,302,0
2,303,0
2,304,0
2,305,0
2,306,0
2,307,0
2,308,0
2,309,0
2,310,0
2,311,0
2,312,0
2,313,0
2,314,0
2,315,0
2,316,0
2,317,0
2,318,0
2,319,0
2,320,0
2,321,0
2,322,0
2,323,0
2,324,0
2,325,0
2,326,0
2,327,0
2,328,0
2,329,0
2,330,0
2,331,0
2,332,0
2,333,0
2,334,0
2,335,0
2,336,0
2,337,0
2,338,0
2,339,0
2,340,0
2,341,0
2,342,0
2,343,0
2,344,0
2,345,0
2,346,0
2,347,0
2,348,0
2,349,0
2,350,0
2,351,0
2,352,0
2,353,0
2,354,0
2,355,0
2,356,0
2,357,0
2,358,0
2,359,0
2,360,0
2,361,0
2,362,0
2,363,0
2,364,0
2,365,0
2,366,0
2,367,0
2,368,0
2,369,0
2,370,0
2,371,0
2,372,0
2,373,0
2,374,0
2,375,0
2,376,0
2,377,0
2,378,0
2,379,0
2,380,0
2,381,0
2,382,0
2,383,0
2,384,0
2,384,1
2,385,0
2,385,1
2,386,0
2,386,1
2,387,0
2,387,1
2,388,0
2,388,1
2,389,0
2,389,1
2,390,0
2,390,1
2,391,0
2,391,1
2,392,0
2,392,1
2,393,0
2,393,1
2,394,0
2,394,1
2,395,0
2,395,1
2,396,0
2,396,1
2,397,0
2,397,1
2,398,0
2,398,1
2,399,0
2,399,1
2,400,0
2,400,1
2,401,0
2,401,1
2,402,0
2,402,1
2,403,0
2,403,1
2,404,0
2,404,1
2,405,0
2,405,1
2,406,0
2,406,1
2,407,0
2,407,1
2,408,0
2,408,1
2,409,0
2,409,1
2,410,0
2,410,1
2,411,0
2,411,1
2,412,0
2,412,1
2,413,0
2,413,1
2,414,0
2,414,1
2,415,0
2,415,1
2,416,0
2,416,1
2,417,0
2,417,1
2,418,0
2,418,1
2,419,0
2,419,1
2,420,0
2,420,1
2,421,0
2,421,1
2,422,0
2,422,1
2,423,0
2,423,1
2,424,0
2,424,1
2,425,0
2,425,1
2,426,0
2,426,1
2,427,0
2,427,1
2,428,0
2,428,1
2,429,0
2,429,1
2,430,0
2,430,1
2,431,0
2,431,1
2,432,0
2,432,1
2,433,0
2,433,1
2,434,0
2,434,1
2,435,0
2,435,1
2,436,0
2,436,1
2,437,0
2,437,1
2,438,0
2,438,1
2,439,0
2,439,1
2,440,0
2,440,1
2,441,0
2,441,1
2,442,0
2,442,1
2,443,0
2,443,1
2,444,0
2,444,1
2,445,0
2,445,1
2,446,0
2,446,1
2,447,0
2,447,1
2,448,0
2,448,1
2,449,0
2,449,1
2,450,0
2,450,1
2,451,0
2,451,1
2,452,0
2,452,1
2,453,0
2,453,1
2,454,0
2,454,1
2,455,0
2,455,1
2,456,0
2,456,1
2,457,0
2,457,1
2,458,0
2,458,1
2,459,0
2,459,1
2,460,0
2,460,1
2,461,0
2,461,1
2,462,0
2,462,1
2,463,0
2,463,1
2,464,0
2,464,1
2,465,0
2,465,1
2,466,0
2,466,1
2,467,0
2,467,1
2,468,0
2,468,1
2,469,0
2,469,1
2,470,0
2,470,1
2,471,0
2,471,1
2,472,0
2,472,1
2,473,0
2,473,1
2,474,0
2,474,1
2,475,0
2,475,1
2,476,0
2,476,1
2,477,0
2,477,1
2,478,0
2,478,1
2,479,0
2,479,1
2,480,0
2,480,1
2,481,0
2,481,1
2,482,0
2,482,1
2,483,0
2,483,1
2,484,0
2,484,1
2,485,0
2,485,1
2,486,0
2,486,1
2,487,0
2,487,1
2,488,0
2,488,1
2,489,0
2,489,1
2,490,0
2,490,1
2,491,0
2,491,1
2,492,0
2,492,1
2,493,0
2,493,1
2,494,0
2,494,1
2,495,0
2,495,1
2,496,0
2,496,1
2,497,0
2,497,1
2,498,0
2,498,1
2,499,0
2,499,1
2,500,0
2,500,1
2,501,0
2,501,1
2,502,0
2,502,1
2,503,0
2,503,1
2,504,0
2,504,1
2,505,0
2,505,1
2,506,0
2,506,1
2,507,0
2,507,1
2,508,0
2,508,1
2,509,0
2,509,1
2,510,0
2,510,1
2,511,0
2,511,1
3,0,0
3,1,0
3,2,0
3,3,0
3,4,0
3,5,0
3,6,0
3,7,0
3,8,0
3,9,0
3,10,0
3,11,0
3,12,0
3,13,0
3,14,0
3,15,0
3,16,0
3,17,0
3,18,0
3,19,0
3,20,0
3,21,0
3,22,0
3,23,0
3,24,0
3,25,0
3,26,0
3,27,0
3,28,0
3,29,0
3,30,0
3,31,0
3,32,0
3,33,0
3,34,0
3,35,0
3,36,0
3,37,0
3,38,0
3,39,0
3,40,0
3,41,0
3,42,0
3,43,0
3,44,0
3,45,0
3,46,0
3,47,0
3,48,0
3,49,0
3,50,0
3,51,0
3,52,0
3,53,0
3,54,0
3,55,0
3,56,0
3,57,0
3,58,0
3,59,0
3,60,0
3,61,0
3,62,0
3,63,0
3,64,0
3,65,0
3,66,0
3,67,0
3,68,0
3,69,0
3,70,0
3,71,0
3,72,0
3,73,0
3,74,0
3,75,0
3,76,0
3,77,0
3,78,0
3,79,0
3,80,0
3,81,0
3,82,0
3,83,0
3,84,0
3,85,0
3,86,0
3,87,0
3,88,0
3,89,0
3,90,0
3,91,0
3,92,0
3,93,0
3,94,0
3,95,0
3,96,0
3,97,0
3,98,0
3,99,0
3,100,0
3,101,0
3,102,0
3,103,0
3,104,0
3,105,0
3,106,0
3,107,0
3,108,0
3,109,0
3,110,0
3,111,0
3,112,0
3,113,0
3,114,0
3,115,0
3,116,0
3,117,0
3,118,0
3,119,0
3,120,0
3,121,0
3,122,0
3,123,0
3,124,0
3,125,0
3,126,0
3,127,0
3,128,0
3,128,1
3,129,0
3,129,1
3,130,0
3,130,1
3,131,0
3,131,1
3,132,0
3,132,1
3,133,0
3,133,1
3,134,0
3,134,1
3,135,0
3,135,1
3,136,0
3,136,1
3,137,0
3,137,1
3,138,0
3,138,1
3,139,0
3,139,1
3,140,0
3,140,1
3,141,0
3,141,1
3,142,0
3,142,1
3,143,0
3,143,1
3,144,0
3,144,1
3,145,0
3,145,1
3,146,0
3,146,1
3,147,0
3,147,1
3,148,0
3,148,1
3,149,0
3,149,1
3,150,0
3,150,1
3,151,0
3,151,1
3,152,0
3,152,1
3,153,0
3,153,1
3,154,0
3,154,1
3,155,0
3,155,1
3,156,0
3,156,1
3,157,0
3,157,1
3,158,0
3,158,1
3,159,0
3,159,1
3,160,0
3,160,1
3,161,0
3,161,1
3,162,0
3,162,1
3,163,0
3,163,1
3,164,0
3,164,1
3,165,0
3,165,1
3,166,0
3,166,1
3,167,0
3,167,1
3,168,0
3,168,1
3,169,0
3,169,1
3,170,0
3,170,1
3,171,0
3,171,1
3,172,0
3,172,1
3,173,0
3,173,1
3,174,0
3,174,1
3,175,0
3,175,1
3,176,0
3,176,1
3,177,0
3,177,1
3,178,0
3,178,1
3,179,0
3,179,1
3,180,0
3,180,1
3,181,0
3,181,1
3,182,0
3,182,1
3,183,0
3,183,1
3,184,0
3,184,1
3,185,0
3,185,1
3,186,0
3,186,1
3,187,0
3,187,1
3,188,0
3,188,1
3,189,0
3,189,1
3,190,0
3,190,1
3,191,0
3,191,1
3,192,0
3,192,1
3,193,0
3,193,1
3,194,0
3,194,1
3,195,0
3,195,1
3,196,0
3,196,1
3,197,0
3,197,1
3,198,0
3,198,1
3,199,0
3,199,1
3,200,0
3,200,1
3,201,0
3,201,1
3,202,0
3,202,1
3,203,0
3,203,1
3,204,0
3,204,1
3,205,0
3,205,1
3,206,0
3,206,1
3,207,0
3,207,1
3,208,0
3,208,1
3,209,0
3,209,1
3,210,0
3,210,1
3,211,0
3,211,1
3,212,0
3,212,1
3,213,0
3,213,1
3,214,0
3,214,1
3,215,0
3,215,1
3,216,0
3,216,1
3,217,0
3,217,1
3,218,0
3,218,1
3,219,0
3,219,1
3,220,0
3,220,1
3,221,0
3,221,1
3,222,0
3,222,1
3,223,0
3,223,1
3,224,0
3,224,1
3,225,0
3,225,1
3,226,0
3,226,1
3,227,0
3,227,1
3,228,0
3,228,1
3,229,0
3,229,1
3,230,0
3,230,1
3,231,0
3,231,1
3,232,0
3,232,1
3,233,0
3,233,1
3,234,0
3,234,1
3,235,0
3,235,1
3,236,0
3,236,1
3,237,0
3,237,1
3,238,0
3,238,1
3,239,0
3,239,1
3,240,0
3,240,1
3,241,0
3,241,1
3,242,0
3,242,1
3,243,0
3,243,1
3,244,0
3,244,1
3,245,0
3,245,1
3,246,0
3,246,1
3,247,0
3,247,1
3,248,0
3,248,1
3,249,0
3,249,1
3,250,0
3,250,1
3,251,0
3,251,1
3,252,0
3,252,1
3,253,0
3,253,1
3,254,0
3,254,1
3,255,0
3,255,1
3,256,0
3,257,0
3,258,0
3,259,0
3,260,0
3,261,0
3,262,0
3,263,0
3,264,0
3,265,0
3,266,0
3,267,0
3,268,0
3,269,0
3,270,0
3,271,0
3,272,0
3,273,0
3,274,0
3,275,0
3,276,0
3,277,0
3,278,0
3,279,0
3,280,0
3,281,0
3,282,0
3,283,0
3,284,0
3,285,0
3,286,0
3,287,0
3,288,0
3,289,0
3,290,0
3,291,0
3,292,0
3,293,0
3,294,0
3,295,0
3,296,0
3,297,0
3,298,0
3,299,0
3,300,0
3,301,0
3,302,0
3,303,0
3,304,0
3,305,0
3,306,0
3,307,0
3,308,0
3,309,0
3,310,0
3,311,0
3,312,0
3,313,0
3,314,0
3,315,0
3,316,0
3,317,0
3,318,0
3,319,0
3,320,0
3,321,0
3,322,0
3,323,0
3,324,0
3,325,0
3,326,0
3,327,0
3,328,0
3,329,0
3,330,0
3,331,0
3,332,0
3,333,0
3,334,0
3,335,0
3,336,0
3,337,0
3,338,0
3,339,0
3,340,0
3,341,0
3,342,0
3,343,0
3,344,0
3,345,0
3,346,0
3,347,0
3,348,0
3,349,0
3,350,0
3,351,0
3,352,0
3,353,0
3,354,0
3,355,0
3,356,0
3,357,0
3,358,0
3,359,0
3,360,0
3,361,0
3,362,0
3,363,0
3,364,0
3,365,0
3,366,0
3,367,0
3,368,0
3,369,0
3,370,0
3,371,0
3,372,0
3,373,0
3,374,0
3,375,0
3,376,0
3,377,0
3,378,0
3,379,0
3,380,0
3,381,0
3,382,0
3,383,0
3,384,0
3,384,1
3,385,0
3,385,1
3,386,0
3,386,1
3,387,0
3,387,1
3,388,0
3,388,1
3,389,0
3,389,1
3,390,0
3,390,1
3,391,0
3,391,1
3,392,0
3,392,1
3,393,0
3,393,1
3,394,0
3,394,1
3,395,0
3,395,1
3,396,0
3,396,1
3,397,0
3,397,1
3,398,0
3,398,1
3,399,0
3,399,1
3,400,0
3,400,1
3,401,0
3,401,1
3,402,0
3,402,1
3,403,0
3,403,1
3,404,0
3,404,1
3,405,0
3,405,1
3,406,0
3,406,1
3,407,0
3,407,1
3,408,0
3,408,1
3,409,0
3,409,1
3,410,0
3,410,1
3,411,0
3,411,1
3,412,0
3,412,1
3,413,0
3,413,1
3,414,0
3,414,1
3,415,0
3,415,1
3,416,0
3,416,1
3,417,0
3,417,1
3,418,0
3,418,1
3,419,0
3,419,1
3,420,0
3,420,1
3,421,0
3,421,1
3,422,0
3,422,1
3,423,0
3,423,1
3,424,0
3,424,1
3,425,0
3,425,1
3,426,0
3,426,1
3,427,0
3,427,1
3,428,0
3,428,1
3,429,0
3,429,1
3,430,0
3,430,1
3,431,0
3,431,1
3,432,0
3,432,1
3,433,0
3,433,1
3,434,0
3,434,1
3,435,0
3,435,1
3,436,0
3,436,1
3,437,0
3,437,1
3,438,0
3,438,1
3,439,0
3,439,1
3,440,0
3,440,1
3,441,0
3,441,1
3,442,0
3,442,1
3,443,0
3,443,1
3,444,0
3,444,1
3,445,0
3,445,1
3,446,0
3,446,1
3,447,0
3,447,1
3,448,0
3,448,1
3,449,0
3,449,1
3,450,0
3,450,1
3,451,0
3,451,1
3,452,0
3,452,1
3,453,0
3,453,1
3,454,0
3,454,1
3,455,0
3,455,1
3,456,0
3,456,1
3,457,0
3,457,1
3,458,0
3,458,1
3,459,0
3,459,1
3,460,0
3,460,1
3,461,0
3,461,1
3,462,0
3,462,1
3,463,0
3,463,1
3,464,0
3,464,1
3,465,0
3,465,1
3,466,0
3,466,1
3,467,0
3,467,1
3,468,0
3,468,1
3,469,0
3,469,1
3,470,0
3,470,1
3,471,0
3,471,1
3,472,0
3,472,1
3,473,0
3,473,1
3,474,0
3,474,1
3,475,0
3,475,1
3,476,0
3,476,1
3,477,0
3,477,1
3,478,0
3,478,1
3,479,0
3,479,1
3,480,0
3,480,1
3,481,0
3,481,1
3,482,0
3,482,1
3,483,0
3,483,1
3,484,0
3,484,1
3,485,0
3,485,1
3,486,0
3,486,1
3,487,0
3,487,1
3,488,0
3,488,1
3,489,0
3,489,1
3,490,0
3,490,1
3,491,0
3,491,1
3,492,0
3,492,1
3,493,0
3,493,1
3,494,0
3,494,1
3,495,0
3,495,1
3,496,0
3,496,1
3,497,0
3,497,1
3,498,0
3,498,1
3,499,0
3,499,1
3,500,0
3,500,1
3,501,0
3,501,1
3,502,0
3,502,1
3,503,0
3,503,1
3,504,0
3,504,1
3,505,0
3,505,1
3,506,0
3,506,1
3,507,0
3,507,1
3,508,0
3,508,1
3,509,0
3,509,1
3,510,0
3,510,1
3,511,0
3,511,1
4,0,0
4,1,0
4,2,0
4,3,0
4,4,0
4,5,0
4,6,0
4,7,0
4,8,0
4,9,0
4,10,0
4,11,0
4,12,0
4,13,0
4,14,0
4,15,0
4,16,0
4,17,0
4,18,0
4,19,0
4,20,0
4,21,0
4,22,0
4,23,0
4,24,0
4,25,0
4,26,0
4,27,0
4,28,0
4,29,0
4,30,0
4,31,0
4,32,0
4,33,0
4,34,0
4,35,0
4,36,0
4,37,0
4,38,0
4,39,0
4,40,0
4,41,0
4,42,0
4,43,0
4,44,0
4,45,0
4,46,0
4,47,0
4,48,0
4,49,0
4,50,0
4,51,0
4,52,0
4,53,0
4,54,0
4,55,0
4,56,0
4,57,0
4,58,0
4,59,0
4,60,0
4,61,0
4,62,0
4,63,0
4,64,0
4,65,0
4,66,0
4,67,0
4,68,0
4,69,0
4,70,0
4,71,0
4,72,0
4,73,0
4,74,0
4,75,0
4,76,0
4,77,0
4,78,0
4,79,0
4,80,0
4,81,0
4,82,0
4,83,0
4,84,0
4,85,0
4,86,0
4,87,0
4,88,0
4,89,0
4,90,0
4,91,0
4,92,0
4,93,0
4,94,0
4,95,0
4,96,0
4,97,0
4,98,0
4,99,0
4,100,0
4,101,0
4,102,0
4,103,0
4,104,0
4,105,0
4,106,0
4,107,0
4,108,0
4,109,0
4,110,0
4,111,0
4,112,0
4,113,0
4,114,0
4,115,0
4,116,0
4,117,0
4,118,0
4,119,0
4,120,0
4,121,0
4,122,0
4,123,0
4,124,0
4,125,0
4,126,0
4,127,0
4,128,0
4,128,1
4,129,0
4,129,1
4,130,0
4,130,1
4,131,0
4,131,1
4,132,0
4,132,1
4,133,0
4,133,1
4,134,0
4,134,1
4,135,0
4,135,1
4,136,0
4,136,1
4,137,0
4,137,1
4,138,0
4,138,1
4,139,0
4,139,1
4,140,0
4,140,1
4,141,0
4,141,1
4,142,0
4,142,1
4,143,0
4,143,1
4,144,0
4,144,1
4,145,0
4,145,1
4,146,0
4,146,1
4,147,0
4,147,1
4,148,0
4,148,1
4,149,0
4,149,1
4,150,0
4,150,1
4,151,0
4,151,1
4,152,0
4,152,1
4,153,0
4,153,1
4,154,0
4,154,1
4,155,0
4,155,1
4,156,0
4,156,1
4,157,0
4,157,1
4,158,0
4,158,1
4,159,0
4,159,1
4,160,0
4,160,1
4,161,0
4,161,1
4,162,0
4,162,1
4,163,0
4,163,1
4,164,0
4,164,1
4,165,0
4,165,1
4,166,0
4,166,1
4,167,0
4,167,1
4,168,0
4,168,1
4,169,0
4,169,1
4,170,0
4,170,1
4,171,0
4,171,1
4,172,0
4,172,1
4,173,0
4,173,1
4,174,0
4,174,1
4,175,0
4,175,1
4,176,0
4,176,1
4,177,0
4,177,1
4,178,0
4,178,1
4,179,0
4,179,1
4,180,0
4,180,1
4,181,0
4,181,1
4,182,0
4,182,1
4,183,0
4,183,1
4,184,0
4,184,1
4,185,0
4,185,1
4,186,0
4,186,1
4,187,0
4,187,1
4,188,0
4,188,1
4,189,0
4,189,1
4,190,0
4,190,1
4,191,0
4,191,1
4,192,0
4,192,1
4,193,0
4,193,1
4,194,0
4,194,1
4,195,0
4,195,1
4,196,0
4,196,1
4,197,0
4,197,1
4,198,0
4,198,1
4,199,0
4,199,1
4,200,0
4,200,1
4,201,0
4,201,1
4,202,0
4,202,1
4,203,0
4,203,1
4,204,0
4,204,1
4,205,0
4,205,1
4,206,0
4,206,1
4,207,0
4,207,1
4,208,0
4,208,1
4,209,0
4,209,1
4,210,0
4,210,1
4,211,0
4,211,1
4,212,0
4,212,1
4,213,0
4,213,1
4,214,0
4,214,1
4,215,0
4,215,1
4,216,0
4,216,1
4,217,0
4,217,1
4,218,0
4,218,1
4,219,0
4,219,1
4,220,0
4,220,1
4,221,0
4,221,1
4,222,0
4,222,1
4,223,0
4,223,1
4,224,0
4,224,1
4,225,0
4,225,1
4,226,0
4,226,1
4,227,0
4,227,1
4,228,0
4,228,1
4,229,0
4,229,1
4,230,0
4,230,1
4,231,0
4,231,1
4,232,0
4,232,1
4,233,0
4,233,1
4,234,0
4,234,1
4,235,0
4,235,1
4,236,0
4,236,1
4,237,0
4,237,1
4,238,0
4,238,1
4,239,0
4,239,1
4,240,0
4,240,1
4,241,0
4,241,1
4,242,0
4,242,1
4,243,0
4,243,1
4,244,0
4,244,1
4,245,0
4,245,1
4,246,0
4,246,1
4,247,0
4,247,1
4,248,0
4,248,1
4,249,0
4,249,1
4,250,0
4,250,1
4,251,0
4,251,1
4,252,0
4,252,1
4,253,0
4,253,1
4,254,0
4,254,1
4,255,0
4,255,1
4,256,0
4,257,0
4,258,0
4,259,0
4,260,0
4,261,0
4,262,0
4,263,0
4,264,0
4,265,0
4,266,0
4,267,0
4,268,0
4,269,0
4,270,0
4,271,0
4,272,0
4,273,0
4,274,0
4,275,0
4,276,0
4,277,0
4,278,0
4,279,0
4,280,0
4,281,0
4,282,0
4,283,0
4,284,0
4,285,0
4,286,0
4,287,0
4,288,0
4,289,0
4,290,0
4,291,0
4,292,0
4,293,0
4,294,0
4,295,0
4,296,0
4,297,0
4,298,0
4,299,0
4,300,0
4,301,0
4,302,0
4,303,0
4,304,0
4,305,0
4,306,0
4,307,0
4,308,0
4,309,0
4,310,0
4,311,0
4,312,0
4,313,0
4,314,0
4,315,0
4,316,0
4,317,0
4,318,0
4,319,0
4,320,0
4,321,0
4,322,0
4,323,0
4,324,0
4,325,0
4,326,0
4,327,0
4,328,0
4,329,0
4,330,0
4,331,0
4,332,0
4,333,0
4,334,0
4,335,0
4,336,0
4,337,0
4,338,0
4,339,0
4,340,0
4,341,0
4,342,0
4,343,0
4,344,0
4,345,0
4,346,0
4,347,0
4,348,0
4,349,0
4,350,0
4,351,0
4,352,0
4,353,0
4,354,0
4,355,0
4,356,0
4,357,0
4,358,0
4,359,0
4,360,0
4,361,0
4,362,0
4,363,0
4,364,0
4,365,0
4,366,0
4,367,0
4,368,0
4,369,0
4,370,0
4,371,0
4,372,0
4,373,0
4,374,0
4,375,0
4,376,0
4,377,0
4,378,0
4,379,0
4,380,0
4,381,0
4,382,0
4,383,0
4,384,0
4,384,1
4,385,0
4,385,1
4,386,0
4,386,1
4,387,0
4,387,1
4,388,0
4,388,1
4,389,0
4,389,1
4,390,0
4,390,1
4,391,0
4,391,1
4,392,0
4,392,1
4,393,0
4,393,1
4,394,0
4,394,1
4,395,0
4,395,1
4,396,0
4,396,1
4,397,0
4,397,1
4,398,0
4,398,1
4,399,0
4,399,1
4,400,0
4,400,1
4,401,0
4,401,1
4,402,0
4,402,1
4,403,0
4,403,1
4,404,0
4,404,1
4,405,0
4,405,1
4,406,0
4,406,1
4,407,0
4,407,1
4,408,0
4,408,1
4,409,0
4,409,1
4,410,0
4,410,1
4,411,0
4,411,1
4,412,0
4,412,1
4,413,0
4,413,1
4,414,0
4,414,1
4,415,0
4,415,1
4,416,0
4,416,1
4,417,0
4,417,1
4,418,0
4,418,1
4,419,0
4,419,1
4,420,0
4,420,1
4,421,0
4,421,1
4,422,0
4,422,1
4,423,0
4,423,1
4,424,0
4,424,1
4,425,0
4,425,1
4,426,0
4,426,1
4,427,0
4,427,1
4,428,0
4,428,1
4,429,0
4,429,1
4,430,0
4,430,1
4,431,0
4,431,1
4,432,0
4,432,1
4,433,0
4,433,1
4,434,0
4,434,1
4,435,0
4,435,1
4,436,0
4,436,1
4,437,0
4,437,1
4,438,0
4,438,1
4,439,0
4,439,1
4,440,0
4,440,1
4,441,0
4,441,1
4,442,0
4,442,1
4,443,0
4,443,1
4,444,0
4,444,1
4,445,0
4,445,1
4,446,0
4,446,1
4,447,0
4,447,1
4,448,0
4,448,1
4,449,0
4,449,1
4,450,0
4,450,1
4,451,0
4,451,1
4,452,0
4,452,1
4,453,0
4,453,1
4,454,0
4,454,1
4,455,0
4,455,1
4,456,0
4,456,1
4,457,0
4,457,1
4,458,0
4,458,1
4,459,0
4,459,1
4,460,0
4,460,1
4,461,0
4,461,1
4,462,0
4,462,1
4,463,0
4,463,1
4,464,0
4,464,1
4,465,0
4,465,1
4,466,0
4,466,1
4,467,0
4,467,1
4,468,0
4,468,1
4,469,0
4,469,1
4,470,0
4,470,1
4,471,0
4,471,1
4,472,0
4,472,1
4,473,0
4,473,1
4,474,0
4,474,1
4,475,0
4,475,1
4,476,0
4,476,1
4,477,0
4,477,1
4,478,0
4,478,1
4,479,0
4,479,1
4,480,0
4,480,1
4,481,0
4,481,1
4,482,0
4,482,1
4,483,0
4,483,1
4,484,0
4,484,1
4,485,0
4,485,1
4,486,0
4,486,1
4,487,0
4,487,1
4,488,0
4,488,1
4,489,0
4,489,1
4,490,0
4,490,1
4,491,0
4,491,1
4,492,0
4,492,1
4,493,0
4,493,1
4,494,0
4,494,1
4,495,0
4,495,1
4,496,0
4,496,1
4,497,0
4,497,1
4,498,0
4,498,1
4,499,0
4,499,1
4,500,0
4,500,1
4,501,0
4,501,1
4,502,0
4,502,1
4,503,0
4,503,1
4,504,0
4,504,1
4,505,0
4,505,1
4,506,0
4,506,1
4,507,0
4,507,1
4,508,0
4,508,1
4,509,0
4,509,1
4,510,0
4,510,1
4,511,0
4,511,1
5,0,0
5,1,0
5,2,0
5,3,0
5,4,0
5,5,0
5,6,0
5,7,0
5,8,0
5,9,0
5,10,0
5,11,0
5,12,0
5,13,0
5,14,0
5,15,0
5,16,0
5,17,0
5,18,0
5,19,0
5,20,0
5,21,0
5,22,0
5,23,0
5,24,0
5,25,0
5,26,0
5,27,0
5,28,0
5,29,0
5,30,0
5,31,0
5,32,0
5,33,0
5,34,0
5,35,0
5,36,0
5,37,0
5,38,0
5,39,0
5,40,0
5,41,0
5,42,0
5,43,0
5,44,0
5,45,0
5,46,0
5,47,0
5,48,0
5,49,0
5,50,0
5,51,0
5,52,0
5,53,0
5,54,0
5,55,0
5,56,0
5,57,0
5,58,0
5,59,0
5,60,0
5,61,0
5,62,0
5,63,0
5,64,0
5,65,0
5,66,0
5,67,0
5,68,0
5,69,0
5,70,0
5,71,0
5,72,0
5,73,0
5,74,0
5,75,0
5,76,0
5,77,0
5,78,0
5,79,0
5,80,0
5,81,0
5,82,0
5,83,0
5,84,0
5,85,0
5,86,0
5,87,0
5,88,0
5,89,0
5,90,0
5,91,0
5,92,0
5,93,0
5,94,0
5,95,0
5,96,0
5,97,0
5,98,0
5,99,0
5,100,0
5,101,0
5,102,0
5,103,0
5,104,0
5,105,0
5,106,0
5,107,0
5,108,0
5,109,0
5,110,0
5,111,0
5,112,0
5,113,0
5,114,0
5,115,0
5,116,0
5,117,0
5,118,0
5,119,0
5,120,0
5,121,0
5,122,0
5,123,0
5,124,0
5,125,0
5,126,0
5,127,0
5,128,0
5,128,1
5,129,0
5,129,1
5,130,0
5,130,1
5,131,0
5,131,1
5,132,0
5,132,1
5,133,0
5,133,1
5,134,0
5,134,1
5,135,0
5,135,1
5,136,0
5,136,1
5,137,0
5,137,1
5,138,0
5,138,1
5,139,0
5,139,1
5,140,0
5,140,1
5,141,0
5,141,1
5,142,0
5,142,1
5,143,0
5,143,1
5,144,0
5,144,1
5,145,0
5,145,1
5,146,0
5,146,1
5,147,0
5,147,1
5,148,0
5,148,1
5,149,0
5,149,1
5,150,0
5,150,1
5,151,0
5,151,1
5,152,0
5,152,1
5,153,0
5,153,1
5,154,0
5,154,1
5,155,0
5,155,1
5,156,0
5,156,1
5,157,0
5,157,1
5,158,0
5,158,1
5,159,0
5,159,1
5,160,0
5,160,1
5,161,0
5,161,1
5,162,0
5,162,1
5,163,0
5,163,1
5,164,0
5,164,1
5,165,0
5,165,1
5,166,0
5,166,1
5,167,0
5,167,1
5,168,0
5,168,1
5,169,0
5,169,1
5,170,0
5,170,1
5,171,0
5,171,1
5,172,0
5,172,1
5,173,0
5,173,1
5,174,0
5,174,1
5,175,0
5,175,1
5,176,0
5,176,1
5,177,0
5,177,1
5,178,0
5,178,1
5,179,0
5,179,1
5,180,0
5,180,1
5,181,0
5,181,1
5,182,0
5,182,1
5,183,0
5,183,1
5,184,0
5,184,1
5,185,0
5,185,1
5,186,0
5,186,1
5,187,0
5,187,1
5,188,0
5,188,1
5,189,0
5,189,1
5,190,0
5,190,1
5,191,0
5,191,1
5,192,0
5,192,1
5,193,0
5,193,1
5,194,0
5,194,1
5,195,0
5,195,1
5,196,0
5,196,1
5,197,0
5,197,1
5,198,0
5,198,1
5,199,0
5,199,1
5,200,0
5,200,1
5,201,0
5,201,1
5,202,0
5,202,1
5,203,0
5,203,1
5,204,0
5,204,1
5,205,0
5,205,1
5,206,0
5,206,1
5,207,0
5,207,1
5,208,0
5,208,1
5,209,0
5,209,1
5,210,0
5,210,1
5,211,0
5,211,1
5,212,0
5,212,1
5,213,0
5,213,1
5,214,0
5,214,1
5,215,0
5,215,1
5,216,0
5,216,1
5,217,0
5,217,1
5,218,0
5,218,1
5,219,0
5,219,1
5,220,0
5,220,1
5,221,0
5,221,1
5,222,0
5,222,1
5,223,0
5,223,1
5,224,0
5,224,1
5,225,0
5,225,1
5,226,0
5,226,1
5,227,0
5,227,1
5,228,0
5,228,1
5,229,0
5,229,1
5,230,0
5,230,1
5,231,0
5,231,1
5,232,0
5,232,1
5,233,0
5,233,1
5,234,0
5,234,1
5,235,0
5,235,1
5,236,0
5,236,1
5,237,0
5,237,1
5,238,0
5,238,1
5,239,0
5,239,1
5,240,0
5,240,1
5,241,0
5,241,1
5,242,0
5,242,1
5,243,0
5,243,1
5,244,0
5,244,1
5,245,0
5,245,1
5,246,0
5,246,1
5,247,0
5,247,1
5,248,0
5,248,1
5,249,0
5,249,1
5,250,0
5,250,1
5,251,0
5,251,1
5,252,0
5,252,1
5,253,0
5,253,1
5,254,0
5,254,1
5,255,0
5,255,1
5,256,0
5,257,0
5,258,0
5,259,0
5,260,0
5,261,0
5,262,0
5,263,0
5,264,0
5,265,0
5,266,0
5,267,0
5,268,0
5,269,0
5,270,0
5,271,0
5,272,0
5,273,0
5,274,0
5,275,0
5,276,0
5,277,0
5,278,0
5,279,0
5,280,0
5,281,0
5,282,0
5,283,0
5,284,0
5,285,0
5,286,0
5,287,0
5,288,0
5,289,0
5,290,0
5,291,0
5,292,0
5,293,0
5,294,0
5,295,0
5,296,0
5,297,0
5,298,0
5,299,0
5,300,0
5,301,0
5,302,0
5,303,0
5,304,0
5,305,0
5,306,0
5,307,0
5,308,0
5,309,0
5,310,0
5,311,0
5,312,0
5,313,0
5,314,0
5,315,0
5,316,0
5,317,0
5,318,0
5,319,0
5,320,0
5,321,0
5,322,0
5,323,0
5,324,0
5,325,0
5,326,0
5,327,0
5,328,0
5,329,0
5,330,0
5,331,0
5,332,0
5,333,0
5,334,0
5,335,0
5,336,0
5,337,0
5,338,0
5,339,0
5,340,0
5,341,0
5,342,0
5,343,0
5,344,0
5,345,0
5,346,0
5,347,0
5,348,0
5,349,0
5,350,0
5,351,0
5,352,0
5,353,0
5,354,0
5,355,0
5,356,0
5,357,0
5,358,0
5,359,0
5,360,0
5,361,0
5,362,0
5,363,0
5,364,0
5,365,0
5,366,0
5,367,0
5,368,0
5,369,0
5,370,0
5,371,0
5,372,0
5,373,0
5,374,0
5,375,0
5,376,0
5,377,0
5,378,0
5,379,0
5,380,0
5,381,0
5,382,0
5,383,0
5,384,0
5,384,1
5,385,0
5,385,1
5,386,0
5,386,1
5,387,0
5,387,1
5,388,0
5,388,1
5,389,0
5,389,1
5,390,0
5,390,1
5,391,0
5,391,1
5,392,0
5,392,1
5,393,0
5,393,1
5,394,0
5,394,1
5,395,0
5,395,1
5,396,0
5,396,1
5,397,0
5,397,1
5,398,0
5,398,1
5,399,0
5,399,1
5,400,0
5,400,1
5,401,0
5,401,1
5,402,0
5,402,1
5,403,0
5,403,1
5,404,0
5,404,1
5,405,0
5,405,1
5,406,0
5,406,1
5,407,0
5,407,1
5,408,0
5,408,1
5,409,0
5,409,1
5,410,0
5,410,1
5,411,0
5,411,1
5,412,0
5,412,1
5,413,0
5,413,1
5,414,0
5,414,1
5,415,0
5,415,1
5,416,0
5,416,1
5,417,0
5,417,1
5,418,0
5,418,1
5,419,0
5,419,1
5,420,0
5,420,1
5,421,0
5,421,1
5,422,0
5,422,1
5,423,0
5,423,1
5,424,0
5,424,1
5,425,0
5,425,1
5,426,0
5,426,1
5,427,0
5,427,1
5,428,0
5,428,1
5,429,0
5,429,1
5,430,0
5,430,1
5,431,0
5,431,1
5,432,0
5,432,1
5,433,0
5,433,1
5,434,0
5,434,1
5,435,0
5,435,1
5,436,0
5,436,1
5,437,0
5,437,1
5,438,0
5,438,1
5,439,0
5,439,1
5,440,0
5,440,1
5,441,0
5,441,1
5,442,0
5,442,1
5,443,0
5,443,1
5,444,0
5,444,1
5,445,0
5,445,1
5,446,0
5,446,1
5,447,0
5,447,1
5,448,0
5,448,1
5,449,0
5,449,1
5,450,0
5,450,1
5,451,0
5,451,1
5,452,0
5,452,1
5,453,0
5,453,1
5,454,0
5,454,1
5,455,0
5,455,1
5,456,0
5,456,1
5,457,0
5,457,1
5,458,0
5,458,1
5,459,0
5,459,1
5,460,0
5,460,1
5,461,0
5,461,1
5,462,0
5,462,1
5,463,0
5,463,1
5,464,0
5,464,1
5,465,0
5,465,1
5,466,0
5,466,1
5,467,0
5,467,1
5,468,0
5,468,1
5,469,0
5,469,1
5,470,0
5,470,1
5,471,0
5,471,1
5,472,0
5,472,1
5,473,0
5,473,1
5,474,0
5,474,1
5,475,0
5,475,1
5,476,0
5,476,1
5,477,0
5,477,1
5,478,0
5,478,1
5,479,0
5,479,1
5,480,0
5,480,1
5,481,0
5,481,1
5,482,0
5,482,1
5,483,0
5,483,1
5,484,0
5,484,1
5,485,0
5,485,1
5,486,0
5,486,1
5,487,0
5,487,1
5,488,0
5,488,1
5,489,0
5,489,1
5,490,0
5,490,1
5,491,0
5,491,1
5,492,0
5,492,1
5,493,0
5,493,1
5,494,0
5,494,1
5,495,0
5,495,1
5,496,0
5,496,1
5,497,0
5,497,1
5,498,0
5,498,1
5,499,0
5,499,1
5,500,0
5,500,1
5,501,0
5,501,1
5,502,0
5,502,1
5,503,0
5,503,1
5,504,0
5,504,1
5,505,0
5,505,1
5,506,0
5,506,1
5,507,0
5,507,1
5,508,0
5,508,1
5,509,0
5,509,1
5,510,0
5,510,1
5,511,0
5,511,1
6,0,0
6,1,0
6,2,0
6,3,0
6,4,0
6,5,0
6,6,0
6,7,0
6,8,0
6,9,0
6,10,0
6,11,0
6,12,0
6,13,0
6,14,0
6,15,0
6,16,0
6,17,0
6,18,0
6,19,0
6,20,0
6,21,0
6,22,0
6,23,0
6,24,0
6,25,0
6,26,0
6,27,0
6,28,0
6,29,0
6,30,0
6,31,0
6,32,0
6,33,0
6,34,0
6,35,0
6,36,0
6,37,0
6,38,0
6,39,0
6,40,0
6,41,0
6,42,0
6,43,0
6,44,0
6,45,0
6,46,0
6,47,0
6,48,0
6,49,0
6,50,0
6,51,0
6,52,0
6,53,0
6,54,0
6,55,0
6,56,0
6,57,0
6,58,0
6,59,0
6,60,0
6,61,0
6,62,0
6,63,0
6,64,0
6,65,0
6,66,0
6,67,0
6,68,0
6,69,0
6,70,0
6,71,0
6,72,0
6,73,0
6,74,0
6,75,0
6,76,0
6,77,0
6,78,0
6,79,0
6,80,0
6,81,0
6,82,0
6,83,0
6,84,0
6,85,0
6,86,0
6,87,0
6,88,0
6,89,0
6,90,0
6,91,0
6,92,0
6,93,0
6,94,0
6,95,0
6,96,0
6,97,0
6,98,0
6,99,0
6,100,0
6,101,0
6,102,0
6,103,0
6,104,0
6,105,0
6,106,0
6,107,0
6,108,0
6,109,0
6,110,0
6,111,0
6,112,0
6,113,0
6,114,0
6,115,0
6,116,0
6,117,0
6,118,0
6,119,0
6,120,0
6,121,0
6,122,0
6,123,0
6,124,0
6,125,0
6,126,0
6,127,0
6,128,0
6,128,1
6,129,0
6,129,1
6,130,0
6,130,1
6,131,0
6,131,1
6,132,0
6,132,1
6,133,0
6,133,1
6,134,0
6,134,1
6,135,0
6,135,1
6,136,0
6,136,1
6,137,0
6,137,1
6,138,0
6,138,1
6,139,0
6,139,1
6,140,0
6,140,1
6,141,0
6,141,1
6,142,0
6,142,1
6,143,0
6,143,1
6,144,0
6,144,1
6,145,0
6,145,1
6,146,0
6,146,1
6,147,0
6,147,1
6,148,0
6,148,1
6,149,0
6,149,1
6,150,0
6,150,1
6,151,0
6,151,1
6,152,0
6,152,1
6,153,0
6,153,1
6,154,0
6,154,1
6,155,0
6,155,1
6,156,0
6,156,1
6,157,0
6,157,1
6,158,0
6,158,1
6,159,0
6,159,1
6,160,0
6,160,1
6,161,0
6,161,1
6,162,0
6,162,1
6,163,0
6,163,1
6,164,0
6,164,1
6,165,0
6,165,1
6,166,0
6,166,1
6,167,0
6,167,1
6,168,0
6,168,1
6,169,0
6,169,1
6,170,0
6,170,1
6,171,0
6,171,1
6,172,0
6,172,1
6,173,0
6,173,1
6,174,0
6,174,1
6,175,0
6,175,1
6,176,0
6,176,1
6,177,0
6,177,1
6,178,0
6,178,1
6,179,0
6,179,1
6,180,0
6,180,1
6,181,0
6,181,1
6,182,0
6,182,1
6,183,0
6,183,1
6,184,0
6,184,1
6,185,0
6,185,1
6,186,0
6,186,1
6,187,0
6,187,1
6,188,0
6,188,1
6,189,0
6,189,1
6,190,0
6,190,1
6,191,0
6,191,1
6,192,0
6,192,1
6,193,0
6,193,1
6,194,0
6,194,1
6,195,0
6,195,1
6,196,0
6,196,1
6,197,0
6,197,1
6,198,0
6,198,1
6,199,0
6,199,1
6,200,0
6,200,1
6,201,0
6,201,1
6,202,0
6,202,1
6,203,0
6,203,1
6,204,0
6,204,1
6,205,0
6,205,1
6,206,0
6,206,1
6,207,0
6,207,1
6,208,0
6,208,1
6,209,0
6,209,1
6,210,0
6,210,1
6,211,0
6,211,1
6,212,0
6,212,1
6,213,0
6,213,1
6,214,0
6,214,1
6,215,0
6,215,1
6,216,0
6,216,1
6,217,0
6,217,1
6,218,0
6,218,1
6,219,0
6,219,1
6,220,0
6,220,1
6,221,0
6,221,1
6,222,0
6,222,1
6,223,0
6,223,1
6,224,0
6,224,1
6,225,0
6,225,1
6,226,0
6,226,1
6,227,0
6,227,1
6,228,0
6,228,1
6,229,0
6,229,1
6,230,0
6,230,1
6,231,0
6,231,1
6,232,0
6,232,1
6,233,0
6,233,1
6,234,0
6,234,1
6,235,0
6,235,1
6,236,0
6,236,1
6,237,0
6,237,1
6,238,0
6,238,1
6,239,0
6,239,1
6,240,0
6,240,1
6,241,0
6,241,1
6,242,0
6,242,1
6,243,0
6,243,1
6,244,0
6,244,1
6,245,0
6,245,1
6,246,0
6,246,1
6,247,0
6,247,1
6,248,0
6,248,1
6,249,0
6,249,1
6,250,0
6,250,1
6,251,0
6,251,1
6,252,0
6,252,1
6,253,0
6,253,1
6,254,0
6,254,1
6,255,0
6,255,1
6,256,0
6,257,0
6,258,0
6,259,0
6,260,0
6,261,0
6,262,0
6,263,0
6,264,0
6,265,0
6,266,0
6,267,0
6,268,0
6,269,0
6,270,0
6,271,0
6,272,0
6,273,0
6,274,0
6,275,0
6,276,0
6,277,0
6,278,0
6,279,0
6,280,0
6,281,0
6,282,0
6,283,0
6,284,0
6,285,0
6,286,0
6,287,0
6,288,0
6,289,0
6,290,0
6,291,0
6,292,0
6,293,0
6,294,0
6,295,0
6,296,0
6,297,0
6,298,0
6,299,0
6,300,0
6,301,0
6,302,0
6,303,0
6,304,0
6,305,0
6,306,0
6,307,0
6,308,0
6,309,0
6,310,0
6,311,0
6,312,0
6,313,0
6,314,0
6,315,0
6,316,0
6,317,0
6,318,0
6,319,0
6,320,0
6,321,0
6,322,0
6,323,0
6,324,0
6,325,0
6,326,0
6,327,0
6,328,0
6,329,0
6,330,0
6,331,0
6,332,0
6,333,0
6,334,0
6,335,0
6,336,0
6,337,0
6,338,0
6,339,0
6,340,0
6,341,0
6,342,0
6,343,0
6,344,0
6,345,0
6,346,0
6,347,0
6,348,0
6,349,0
6,350,0
6,351,0
6,352,0
6,353,0
6,354,0
6,355,0
6,356,0
6,357,0
6,358,0
6,359,0
6,360,0
6,361,0
6,362,0
6,363,0
6,364,0
6,365,0
6,366,0
6,367,0
6,368,0
6,369,0
6,370,0
6,371,0
6,372,0
6,373,0
6,374,0
6,375,0
6,376,0
6,377,0
6,378,0
6,379,0
6,380,0
6,381,0
6,382,0
6,383,0
6,384,0
6,384,1
6,385,0
6,385,1
6,386,0
6,386,1
6,387,0
6,387,1
6,388,0
6,388,1
6,389,0
6,389,1
6,390,0
6,390,1
6,391,0
6,391,1
6,392,0
6,392,1
6,393,0
6,393,1
6,394,0
6,394,1
6,395,0
6,395,1
6,396,0
6,396,1
6,397,0
6,397,1
6,398,0
6,398,1
6,399,0
6,399,1
6,400,0
6,400,1
6,401,0
6,401,1
6,402,0
6,402,1
6,403,0
6,403,1
6,404,0
6,404,1
6,405,0
6,405,1
6,406,0
6,406,1
6,407,0
6,407,1
6,408,0
6,408,1
6,409,0
6,409,1
6,410,0
6,410,1
6,411,0
6,411,1
6,412,0
6,412,1
6,413,0
6,413,1
6,414,0
6,414,1
6,415,0
6,415,1
6,416,0
6,416,1
6,417,0
6,417,1
6,418,0
6,418,1
6,419,0
6,419,1
6,420,0
6,420,1
6,421,0
6,421,1
6,422,0
6,422,1
6,423,0
6,423,1
6,424,0
6,424,1
6,425,0
6,425,1
6,426,0
6,426,1
6,427,0
6,427,1
6,428,0
6,428,1
6,429,0
6,429,1
6,430,0
6,430,1
6,431,0
6,431,1
6,432,0
6,432,1
6,433,0
6,433,1
6,434,0
6,434,1
6,435,0
6,435,1
6,436,0
6,436,1
6,437,0
6,437,1
6,438,0
6,438,1
6,439,0
6,439,1
6,440,0
6,440,1
6,441,0
6,441,1
6,442,0
6,442,1
6,443,0
6,443,1
6,444,0
6,444,1
6,445,0
6,445,1
6,446,0
6,446,1
6,447,0
6,447,1
6,448,0
6,448,1
6,449,0
6,449,1
6,450,0
6,450,1
6,451,0
6,451,1
6,452,0
6,452,1
6,453,0
6,453,1
6,454,0
6,454,1
6,455,0
6,455,1
6,456,0
6,456,1
6,457,0
6,457,1
6,458,0
6,458,1
6,459,0
6,459,1
6,460,0
6,460,1
6,461,0
6,461,1
6,462,0
6,462,1
6,463,0
6,463,1
6,464,0
6,464,1
6,465,0
6,465,1
6,466,0
6,466,1
6,467,0
6,467,1
6,468,0
6,468,1
6,469,0
6,469,1
6,470,0
6,470,1
6,471,0
6,471,1
6,472,0
6,472,1
6,473,0
6,473,1
6,474,0
6,474,1
6,475,0
6,475,1
6,476,0
6,476,1
6,477,0
6,477,1
6,478,0
6,478,1
6,479,0
6,479,1
6,480,0
6,480,1
6,481,0
6,481,1
6,482,0
6,482,1
6,483,0
6,483,1
6,484,0
6,484,1
6,485,0
6,485,1
6,486,0
6,486,1
6,487,0
6,487,1
6,488,0
6,488,1
6,489,0
6,489,1
6,490,0
6,490,1
6,491,0
6,491,1
6,492,0
6,492,1
6,493,0
6,493,1
6,494,0
6,494,1
6,495,0
6,495,1
6,496,0
6,496,1
6,497,0
6,497,1
6,498,0
6,498,1
6,499,0
6,499,1
6,500,0
6,500,1
6,501,0
6,501,1
6,502,0
6,502,1
6,503,0
6,503,1
6,504,0
6,504,1
6,505,0
6,505,1
6,506,0
6,506,1
6,507,0
6,507,1
6,508,0
6,508,1
6,509,0
6,509,1
6,510,0
6,510,1
6,511,0
6,511,1
7,0,0
7,1,0
7,2,0
7,3,0
7,4,0
7,5,0
7,6,0
7,7,0
7,8,0
7,9,0
7,10,0
7,11,0
7,12,0
7,13,0
7,14,0
7,15,0
7,16,0
7,17,0
7,18,0
7,19,0
7,20,0
7,21,0
7,22,0
7,23,0
7,24,0
7,25,0
7,26,0
7,27,0
7,28,0
7,29,0
7,30,0
7,31,0
7,32,0
7,33,0
7,34,0
7,35,0
7,36,0
7,37,0
7,38,0
7,39,0
7,40,0
7,41,0
7,42,0
7,43,0
7,44,0
7,45,0
7,46,0
7,47,0
7,48,0
7,49,0
7,50,0
7,51,0
7,52,0
7,53,0
7,54,0
7,55,0
7,56,0
7,57,0
7,58,0
7,59,0
7,60,0
7,61,0
7,62,0
7,63,0
7,64,0
7,65,0
7,66,0
7,67,0
7,68,0
7,69,0
7,70,0
7,71,0
7,72,0
7,73,0
7,74,0
7,75,0
7,76,0
7,77,0
7,78,0
7,79,0
7,80,0
7,81,0
7,82,0
7,83,0
7,84,0
7,85,0
7,86,0
7,87,0
7,88,0
7,89,0
7,90,0
7,91,0
7,92,0
7,93,0
7,94,0
7,95,0
7,96,0
7,97,0
7,98,0
7,99,0
7,100,0
7,101,0
7,102,0
7,103,0
7,104,0
7,105,0
7,106,0
7,107,0
7,108,0
7,109,0
7,110,0
7,111,0
7,112,0
7,113,0
7,114,0
7,115,0
7,116,0
7,117,0
7,118,0
7,119,0
7,120,0
7,121,0
7,122,0
7,123,0
7,124,0
7,125,0
7,126,0
7,127,0
7,128,0
7,128,1
7,129,0
7,129,1
7,130,0
7,130,1
7,131,0
7,131,1
7,132,0
7,132,1
7,133,0
7,133,1
7,134,0
7,134,1
7,135,0
7,135,1
7,136,0
7,136,1
7,137,0
7,137,1
7,138,0
7,138,1
7,139,0
7,139,1
7,140,0
7,140,1
7,141,0
7,141,1
7,142,0
7,142,1
7,143,0
7,143,1
7,144,0
7,144,1
7,145,0
7,145,1
7,146,0
7,146,1
7,147,0
7,147,1
7,148,0
7,148,1
7,149,0
7,149,1
7,150,0
7,150,1
7,151,0
7,151,1
7,152,0
7,152,1
7,153,0
7,153,1
7,154,0
7,154,1
7,155,0
7,155,1
7,156,0
7,156,1
7,157,0
7,157,1
7,158,0
7,158,1
7,159,0
7,159,1
7,160,0
7,160,1
7,161,0
7,161,1
7,162,0
7,162,1
7,163,0
7,163,1
7,164,0
7,164,1
7,165,0
7,165,1
7,166,0
7,166,1
7,167,0
7,167,1
7,168,0
7,168,1
7,169,0
7,169,1
7,170,0
7,170,1
7,171,0
7,171,1
7,172,0
7,172,1
7,173,0
7,173,1
7,174,0
7,174,1
7,175,0
7,175,1
7,176,0
7,176,1
7,177,0
7,177,1
7,178,0
7,178,1
7,179,0
7,179,1
7,180,0
7,180,1
7,181,0
7,181,1
7,182,0
7,182,1
7,183,0
7,183,1
7,184,0
7,184,1
7,185,0
7,185,1
7,186,0
7,186,1
7,187,0
7,187,1
7,188,0
7,188,1
7,189,0
7,189,1
7,190,0
7,190,1
7,191,0
7,191,1
7,192,0
7,192,1
7,193,0
7,193,1
7,194,0
7,194,1
7,195,0
7,195,1
7,196,0
7,196,1
7,197,0
7,197,1
7,198,0
7,198,1
7,199,0
7,199,1
7,200,0
7,200,1
7,201,0
7,201,1
7,202,0
7,202,1
7,203,0
7,203,1
7,204,0
7,204,1
7,205,0
7,205,1
7,206,0
7,206,1
7,207,0
7,207,1
7,208,0
7,208,1
7,209,0
7,209,1
7,210,0
7,210,1
7,211,0
7,211,1
7,212,0
7,212,1
7,213,0
7,213,1
7,214,0
7,214,1
7,215,0
7,215,1
7,216,0
7,216,1
7,217,0
7,217,1
7,218,0
7,218,1
7,219,0
7,219,1
7,220,0
7,220,1
7,221,0
7,221,1
7,222,0
7,222,1
7,223,0
7,223,1
7,224,0
7,224,1
7,225,0
7,225,1
7,226,0
7,226,1
7,227,0
7,227,1
7,228,0
7,228,1
7,229,0
7,229,1
7,230,0
7,230,1
7,231,0
7,231,1
7,232,0
7,232,1
7,233,0
7,233,1
7,234,0
7,234,1
7,235,0
7,235,1
7,236,0
7,236,1
7,237,0
7,237,1
7,238,0
7,238,1
7,239,0
7,239,1
7,240,0
7,240,1
7,241,0
7,241,1
7,242,0
7,242,1
7,243,0
7,243,1
7,244,0
7,244,1
7,245,0
7,245,1
7,246,0
7,246,1
7,247,0
7,247,1
7,248,0
7,248,1
7,249,0
7,249,1
7,250,0
7,250,1
7,251,0
7,251,1
7,252,0
7,252,1
7,253,0
7,253,1
7,254,0
7,254,1
7,255,0
7,255,1
7,256,0
7,257,0
7,258,0
7,259,0
7,260,0
7,261,0
7,262,0
7,263,0
7,264,0
7,265,0
7,266,0
7,267,0
7,268,0
7,269,0
7,270,0
7,271,0
7,272,0
7,273,0
7,274,0
7,275,0
7,276,0
7,277,0
7,278,0
7,279,0
7,280,0
7,281,0
7,282,0
7,283,0
7,284,0
7,285,0
7,286,0
7,287,0
7,288,0
7,289,0
7,290,0
7,291,0
7,292,0
7,293,0
7,294,0
7,295,0
7,296,0
7,297,0
7,298,0
7,299,0
7,300,0
7,301,0
7,302,0
7,303,0
7,304,0
7,305,0
7,306,0
7,307,0
7,308,0
7,309,0
7,310,0
7,311,0
7,312,0
7,313,0
7,314,0
7,315,0
7,316,0
7,317,0
7,318,0
7,319,0
7,320,0
7,321,0
7,322,0
7,323,0
7,324,0
7,325,0
7,326,0
7,327,0
7,328,0
7,329,0
7,330,0
7,331,0
7,332,0
7,333,0
7,334,0
7,335,0
7,336,0
7,337,0
7,338,0
7,339,0
7,340,0
7,341,0
7,342,0
7,343,0
7,344,0
7,345,0
7,346,0
7,347,0
7,348,0
7,349,0
7,350,0
7,351,0
7,352,0
7,353,0
7,354,0
7,355,0
7,356,0
7,357,0
7,358,0
7,359,0
7,360,0
7,361,0
7,362,0
7,363,0
7,364,0
7,365,0
7,366,0
7,367,0
7,368,0
7,369,0
7,370,0
7,371,0
7,372,0
7,373,0
7,374,0
7,375,0
7,376,0
7,377,0
7,378,0
7,379,0
7,380,0
7,381,0
7,382,0
7,383,0
7,384,0
7,384,1
7,385,0
7,385,1
7,386,0
7,386,1
7,387,0
7,387,1
7,388,0
7,388,1
7,389,0
7,389,1
7,390,0
7,390,1
7,391,0
7,391,1
7,392,0
7,392,1
7,393,0
7,393,1
7,394,0
7,394,1
7,395,0
7,395,1
7,396,0
7,396,1
7,397,0
7,397,1
7,398,0
7,398,1
7,399,0
7,399,1
7,400,0
7,400,1
7,401,0
7,401,1
7,402,0
7,402,1
7,403,0
7,403,1
7,404,0
7,404,1
7,405,0
7,405,1
7,406,0
7,406,1
7,407,0
7,407,1
7,408,0
7,408,1
7,409,0
7,409,1
7,410,0
7,410,1
7,411,0
7,411,1
7,412,0
7,412,1
7,413,0
7,413,1
7,414,0
7,414,1
7,415,0
7,415,1
7,416,0
7,416,1
7,417,0
7,417,1
7,418,0
7,418,1
7,419,0
7,419,1
7,420,0
7,420,1
7,421,0
7,421,1
7,422,0
7,422,1
7,423,0
7,423,1
7,424,0
7,424,1
7,425,0
7,425,1
7,426,0
7,426,1
7,427,0
7,427,1
7,428,0
7,428,1
7,429,0
7,429,1
7,430,0
7,430,1
7,431,0
7,431,1
7,432,0
7,432,1
7,433,0
7,433,1
7,434,0
7,434,1
7,435,0
7,435,1
7,436,0
7,436,1
7,437,0
7,437,1
7,438,0
7,438,1
7,439,0
7,439,1
7,440,0
7,440,1
7,441,0
7,441,1
7,442,0
7,442,1
7,443,0
7,443,1
7,444,0
7,444,1
7,445,0
7,445,1
7,446,0
7,446,1
7,447,0
7,447,1
7,448,0
7,448,1
7,449,0
7,449,1
7,450,0
7,450,1
7,451,0
7,451,1
7,452,0
7,452,1
7,453,0
7,453,1
7,454,0
7,454,1
7,455,0
7,455,1
7,456,0
7,456,1
7,457,0
7,457,1
7,458,0
7,458,1
7,459,0
7,459,1
7,460,0
7,460,1
7,461,0
7,461,1
7,462,0
7,462,1
7,463,0
7,463,1
7,464,0
7,464,1
7,465,0
7,465,1
7,466,0
7,466,1
7,467,0
7,467,1
7,468,0
7,468,1
7,469,0
7,469,1
7,470,0
7,470,1
7,471,0
7,471,1
7,472,0
7,472,1
7,473,0
7,473,1
7,474,0
7,474,1
7,475,0
7,475,1
7,476,0
7,476,1
7,477,0
7,477,1
7,478,0
7,478,1
7,479,0
7,479,1
7,480,0
7,480,1
7,481,0
7,481,1
7,482,0
7,482,1
7,483,0
7,483,1
7,484,0
7,484,1
7,485,0
7,485,1
7,486,0
7,486,1
7,487,0
7,487,1
7,488,0
7,488,1
7,489,0
7,489,1
7,490,0
7,490,1
7,491,0
7,491,1
7,492,0
7,492,1
7,493,0
7,493,1
7,494,0
7,494,1
7,495,0
7,495,1
7,496,0
7,496,1
7,497,0
7,497,1
7,498,0
7,498,1
7,499,0
7,499,1
7,500,0
7,500,1
7,501,0
7,501,1
7,502,0
7,502,1
7,503,0
7,503,1
7,504,0
7,504,1
7,505,0
7,505,1
7,506,0
7,506,1
7,507,0
7,507,1
7,508,0
7,508,1
7,509,0
7,509,1
7,510,0
7,510,1
7,511,0
7,511,1
8,0,0
8,1,0
8,2,0
8,3,0
8,4,0
8,5,0
8,6,0
8,7,0
8,8,0
8,9,0
8,10,0
8,11,0
8,12,0
8,13,0
8,14,0
8,15,0
8,16,0
8,17,0
8,18,0
8,19,0
8,20,0
8,21,0
8,22,0
8,23,0
8,24,0
8,25,0
8,26,0
8,27,0
8,28,0
8,29,0
8,30,0
8,31,0
8,32,0
8,33,0
8,34,0
8,35,0
8,36,0
8,37,0
8,38,0
8,39,0
8,40,0
8,41,0
8,42,0
8,43,0
8,44,0
8,45,0
8,46,0
8,47,0
8,48,0
8,49,0
8,50,0
8,51,0
8,52,0
8,53,0
8,54,0
8,55,0
8,56,0
8,57,0
8,58,0
8,59,0
8,60,0
8,61,0
8,62,0
8,63,0
8,64,0
8,65,0
8,66,0
8,67,0
8,68,0
8,69,0
8,70,0
8,71,0
8,72,0
8,73,0
8,74,0
8,75,0
8,76,0
8,77,0
8,78,0
8,79,0
8,80,0
8,81,0
8,82,0
8,83,0
8,84,0
8,85,0
8,86,0
8,87,0
8,88,0
8,89,0
8,90,0
8,91,0
8,92,0
8,93,0
8,94,0
8,95,0
8,96,0
8,97,0
8,98,0
8,99,0
8,100,0
8,101,0
8,102,0
8,103,0
8,104,0
8,105,0
8,106,0
8,107,0
8,108,0
8,109,0
8,110,0
8,111,0
8,112,0
8,113,0
8,114,0
8,115,0
8,116,0
8,117,0
8,118,0
8,119,0
8,120,0
8,121,0
8,122,0
8,123,0
8,124,0
8,125,0
8,126,0
8,127,0
8,128,0
8,128,1
8,129,0
8,129,1
8,130,0
8,130,1
8,131,0
8,131,1
8,132,0
8,132,1
8,133,0
8,133,1
8,134,0
8,134,1
8,135,0
8,135,1
8,136,0
8,136,1
8,137,0
8,137,1
8,138,0
8,138,1
8,139,0
8,139,1
8,140,0
8,140,1
8,141,0
8,141,1
8,142,0
8,142,1
8,143,0
8,143,1
8,144,0
8,144,1
8,145,0
8,145,1
8,146,0
8,146,1
8,147,0
8,147,1
8,148,0
8,148,1
8,149,0
8,149,1
8,150,0
8,150,1
8,151,0
8,151,1
8,152,0
8,152,1
8,153,0
8,153,1
8,154,0
8,154,1
8,155,0
8,155,1
8,156,0
8,156,1
8,157,0
8,157,1
8,158,0
8,158,1
8,159,0
8,159,1
8,160,0
8,160,1
8,161,0
8,161,1
8,162,0
8,162,1
8,163,0
8,163,1
8,164,0
8,164,1
8,165,0
8,165,1
8,166,0
8,166,1
8,167,0
8,167,1
8,168,0
8,168,1
8,169,0
8,169,1
8,170,0
8,170,1
8,171,0
8,171,1
8,172,0
8,172,1
8,173,0
8,173,1
8,174,0
8,174,1
8,175,0
8,175,1
8,176,0
8,176,1
8,177,0
8,177,1
8,178,0
8,178,1
8,179,0
8,179,1
8,180,0
8,180,1
8,181,0
8,181,1
8,182,0
8,182,1
8,183,0
8,183,1
8,184,0
8,184,1
8,185,0
8,185,1
8,186,0
8,186,1
8,187,0
8,187,1
8,188,0
8,188,1
8,189,0
8,189,1
8,190,0
8,190,1
8,191,0
8,191,1
8,192,0
8,192,1
8,193,0
8,193,1
8,194,0
8,194,1
8,195,0
8,195,1
8,196,0
8,196,1
8,197,0
8,197,1
8,198,0
8,198,1
8,199,0
8,199,1
8,200,0
8,200,1
8,201,0
8,201,1
8,202,0
8,202,1
8,203,0
8,203,1
8,204,0
8,204,1
8,205,0
8,205,1
8,206,0
8,206,1
8,207,0
8,207,1
8,208,0
8,208,1
8,209,0
8,209,1
8,210,0
8,210,1
8,211,0
8,211,1
8,212,0
8,212,1
8,213,0
8,213,1
8,214,0
8,214,1
8,215,0
8,215,1
8,216,0
8,216,1
8,217,0
8,217,1
8,218,0
8,218,1
8,219,0
8,219,1
8,220,0
8,220,1
8,221,0
8,221,1
8,222,0
8,222,1
8,223,0
8,223,1
8,224,0
8,224,1
8,225,0
8,225,1
8,226,0
8,226,1
8,227,0
8,227,1
8,228,0
8,228,1
8,229,0
8,229,1
8,230,0
8,230,1
8,231,0
8,231,1
8,232,0
8,232,1
8,233,0
8,233,1
8,234,0
8,234,1
8,235,0
8,235,1
8,236,0
8,236,1
8,237,0
8,237,1
8,238,0
8,238,1
8,239,0
8,239,1
8,240,0
8,240,1
8,241,0
8,241,1
8,242,0
8,242,1
8,243,0
8,243,1
8,244,0
8,244,1
8,245,0
8,245,1
8,246,0
8,246,1
8,247,0
8,247,1
8,248,0
8,248,1
8,249,0
8,249,1
8,250,0
8,250,1
8,251,0
8,251,1
8,252,0
8,252,1
8,253,0
8,253,1
8,254,0
8,254,1
8,255,0
8,255,1
8,256,0
8,257,0
8,258,0
8,259,0
8,260,0
8,261,0
8,262,0
8,263,0
8,264,0
8,265,0
8,266,0
8,267,0
8,268,0
8,269,0
8,270,0
8,271,0
8,272,0
8,273,0
8,274,0
8,275,0
8,276,0
8,277,0
8,278,0
8,279,0
8,280,0
8,281,0
8,282,0
8,283,0
8,284,0
8,285,0
8,286,0
8,287,0
8,288,0
8,289,0
8,290,0
8,291,0
8,292,0
8,293,0
8,294,0
8,295,0
8,296,0
8,297,0
8,298,0
8,299,0
8,300,0
8,301,0
8,302,0
8,303,0
8,304,0
8,305,0
8,306,0
8,307,0
8,308,0
8,309,0
8,310,0
8,311,0
8,312,0
8,313,0
8,314,0
8,315,0
8,316,0
8,317,0
8,318,0
8,319,0
8,320,0
8,321,0
8,322,0
8,323,0
8,324,0
8,325,0
8,326,0
8,327,0
8,328,0
8,329,0
8,330,0
8,331,0
8,332,0
8,333,0
8,334,0
8,335,0
8,336,0
8,337,0
8,338,0
8,339,0
8,340,0
8,341,0
8,342,0
8,343,0
8,344,0
8,345,0
8,346,0
8,347,0
8,348,0
8,349,0
8,350,0
8,351,0
8,352,0
8,353,0
8,354,0
8,355,0
8,356,0
8,357,0
8,358,0
8,359,0
8,360,0
8,361,0
8,362,0
8,363,0
8,364,0
8,365,0
8,366,0
8,367,0
8,368,0
8,369,0
8,370,0
8,371,0
8,372,0
8,373,0
8,374,0
8,375,0
8,376,0
8,377,0
8,378,0
8,379,0
8,380,0
8,381,0
8,382,0
8,383,0
8,384,0
8,384,1
8,385,0
8,385,1
8,386,0
8,386,1
8,387,0
8,387,1
8,388,0
8,388,1
8,389,0
8,389,1
8,390,0
8,390,1
8,391,0
8,391,1
8,392,0
8,392,1
8,393,0
8,393,1
8,394,0
8,394,1
8,395,0
8,395,1
8,396,0
8,396,1
8,397,0
8,397,1
8,398,0
8,398,1
8,399,0
8,399,1
8,400,0
8,400,1
8,401,0
8,401,1
8,402,0
8,402,1
8,403,0
8,403,1
8,404,0
8,404,1
8,405,0
8,405,1
8,406,0
8,406,1
8,407,0
8,407,1
8,408,0
8,408,1
8,409,0
8,409,1
8,410,0
8,410,1
8,411,0
8,411,1
8,412,0
8,412,1
8,413,0
8,413,1
8,414,0
8,414,1
8,415,0
8,415,1
8,416,0
8,416,1
8,417,0
8,417,1
8,418,0
8,418,1
8,419,0
8,419,1
8,420,0
8,420,1
8,421,0
8,421,1
8,422,0
8,422,1
8,423,0
8,423,1
8,424,0
8,424,1
8,425,0
8,425,1
8,426,0
8,426,1
8,427,0
8,427,1
8,428,0
8,428,1
8,429,0
8,429,1
8,430,0
8,430,1
8,431,0
8,431,1
8,432,0
8,432,1
8,433,0
8,433,1
8,434,0
8,434,1
8,435,0
8,435,1
8,436,0
8,436,1
8,437,0
8,437,1
8,438,0
8,438,1
8,439,0
8,439,1
8,440,0
8,440,1
8,441,0
8,441,1
8,442,0
8,442,1
8,443,0
8,443,1
8,444,0
8,444,1
8,445,0
8,445,1
8,446,0
8,446,1
8,447,0
8,447,1
8,448,0
8,448,1
8,449,0
8,449,1
8,450,0
8,450,1
8,451,0
8,451,1
8,452,0
8,452,1
8,453,0
8,453,1
8,454,0
8,454,1
8,455,0
8,455,1
8,456,0
8,456,1
8,457,0
8,457,1
8,458,0
8,458,1
8,459,0
8,459,1
8,460,0
8,460,1
8,461,0
8,461,1
8,462,0
8,462,1
8,463,0
8,463,1
8,464,0
8,464,1
8,465,0
8,465,1
8,466,0
8,466,1
8,467,0
8,467,1
8,468,0
8,468,1
8,469,0
8,469,1
8,470,0
8,470,1
8,471,0
8,471,1
8,472,0
8,472,1
8,473,0
8,473,1
8,474,0
8,474,1
8,475,0
8,475,1
8,476,0
8,476,1
8,477,0
8,477,1
8,478,0
8,478,1
8,479,0
8,479,1
8,480,0
8,480,1
8,481,0
8,481,1
8,482,0
8,482,1
8,483,0
8,483,1
8,484,0
8,484,1
8,485,0
8,485,1
8,486,0
8,486,1
8,487,0
8,487,1
8,488,0
8,488,1
8,489,0
8,489,1
8,490,0
8,490,1
8,491,0
8,491,1
8,492,0
8,492,1
8,493,0
8,493,1
8,494,0
8,494,1
8,495,0
8,495,1
8,496,0
8,496,1
8,497,0
8,497,1
8,498,0
8,498,1
8,499,0
8,499,1
8,500,0
8,500,1
8,501,0
8,501,1
8,502,0
8,502,1
8,503,0
8,503,1
8,504,0
8,504,1
8,505,0
8,505,1
8,506,0
8,506,1
8,507,0
8,507,1
8,508,0
8,508,1
8,509,0
8,509,1
8,510,0
8,510,1
8,511,0
8,511,1
9,0,0
9,1,0
9,2,0
9,3,0
9,4,0
9,5,0
9,6,0
9,7,0
9,8,0
9,9,0
9,10,0
9,11,0
9,12,0
9,13,0
9,14,0
9,15,0
9,16,0
9,17,0
9,18,0
9,19,0
9,20,0
9,21,0
9,22,0
9,23,0
9,24,0
9,25,0
9,26,0
9,27,0
9,28,0
9,29,0
9,30,0
9,31,0
9,32,0
9,33,0
9,34,0
9,35,0
9,36,0
9,37,0
9,38,0
9,39,0
9,40,0
9,41,0
9,42,0
9,43,0
9,44,0
9,45,0
9,46,0
9,47,0
9,48,0
9,49,0
9,50,0
9,51,0
9,52,0
9,53,0
9,54,0
9,55,0
9,56,0
9,57,0
9,58,0
9,59,0
9,60,0
9,61,0
9,62,0
9,63,0
9,64,0
9,65,0
9,66,0
9,67,0
9,68,0
9,69,0
9,70,0
9,71,0
9,72,0
9,73,0
9,74,0
9,75,0
9,76,0
9,77,0
9,78,0
9,79,0
9,80,0
9,81,0
9,82,0
9,83,0
9,84,0
9,85,0
9,86,0
9,87,0
9,88,0
9,89,0
9,90,0
9,91,0
9,92,0
9,93,0
9,94,0
9,95,0
9,96,0
9,97,0
9,98,0
9,99,0
9,100,0
9,101,0
9,102,0
9,103,0
9,104,0
9,105,0
9,106,0
9,107,0
9,108,0
9,109,0
9,110,0
9,111,0
9,112,0
9,113,0
9,114,0
9,115,0
9,116,0
9,117,0
9,118,0
9,119,0
9,120,0
9,121,0
9,122,0
9,123,0
9,124,0
9,125,0
9,126,0
9,127,0
9,128,0
9,128,1
9,129,0
9,129,1
9,130,0
9,130,1
9,131,0
9,131,1
9,132,0
9,132,1
9,133,0
9,133,1
9,134,0
9,134,1
9,135,0
9,135,1
9,136,0
9,136,1
9,137,0
9,137,1
9,138,0
9,138,1
9,139,0
9,139,1
9,140,0
9,140,1
9,141,0
9,141,1
9,142,0
9,142,1
9,143,0
9,143,1
9,144,0
9,144,1
9,145,0
9,145,1
9,146,0
9,146,1
9,147,0
9,147,1
9,148,0
9,148,1
9,149,0
9,149,1
9,150,0
9,150,1
9,151,0
9,151,1
9,152,0
9,152,1
9,153,0
9,153,1
9,154,0
9,154,1
9,155,0
9,155,1
9,156,0
9,156,1
9,157,0
9,157,1
9,158,0
9,158,1
9,159,0
9,159,1
9,160,0
9,160,1
9,161,0
9,161,1
9,162,0
9,162,1
9,163,0
9,163,1
9,164,0
9,164,1
9,165,0
9,165,1
9,166,0
9,166,1
9,167,0
9,167,1
9,168,0
9,168,1
9,169,0
9,169,1
9,170,0
9,170,1
9,171,0
9,171,1
9,172,0
9,172,1
9,173,0
9,173,1
9,174,0
9,174,1
9,175,0
9,175,1
9,176,0
9,176,1
9,177,0
9,177,1
9,178,0
9,178,1
9,179,0
9,179,1
9,180,0
9,180,1
9,181,0
9,181,1
9,182,0
9,182,1
9,183,0
9,183,1
9,184,0
9,184,1
9,185,0
9,185,1
9,186,0
9,186,1
9,187,0
9,187,1
9,188,0
9,188,1
9,189,0
9,189,1
9,190,0
9,190,1
9,191,0
9,191,1
9,192,0
9,192,1
9,193,0
9,193,1
9,194,0
9,194,1
9,195,0
9,195,1
9,196,0
9,196,1
9,197,0
9,197,1
9,198,0
9,198,1
9,199,0
9,199,1
9,200,0
9,200,1
9,201,0
9,201,1
9,202,0
9,202,1
9,203,0
9,203,1
9,204,0
9,204,1
9,205,0
9,205,1
9,206,0
9,206,1
9,207,0
9,207,1
9,208,0
9,208,1
9,209,0
9,209,1
9,210,0
9,210,1
9,211,0
9,211,1
9,212,0
9,212,1
9,213,0
9,213,1
9,214,0
9,214,1
9,215,0
9,215,1
9,216,0
9,216,1
9,217,0
9,217,1
9,218,0
9,218,1
9,219,0
9,219,1
9,220,0
9,220,1
9,221,0
9,221,1
9,222,0
9,222,1
9,223,0
9,223,1
9,224,0
9,224,1
9,225,0
9,225,1
9,226,0
9,226,1
9,227,0
9,227,1
9,228,0
9,228,1
9,229,0
9,229,1
9,230,0
9,230,1
9,231,0
9,231,1
9,232,0
9,232,1
9,233,0
9,233,1
9,234,0
9,234,1
9,235,0
9,235,1
9,236,0
9,236,1
9,237,0
9,237,1
9,238,0
9,238,1
9,239,0
9,239,1
9,240,0
9,240,1
9,241,0
9,241,1
9,242,0
9,242,1
9,243,0
9,243,1
9,244,0
9,244,1
9,245,0
9,245,1
9,246,0
9,246,1
9,247,0
9,247,1
9,248,0
9,248,1
9,249,0
9,249,1
9,250,0
9,250,1
9,251,0
9,251,1
9,252,0
9,252,1
9,253,0
9,253,1
9,254,0
9,254,1
9,255,0
9,255,1
9,256,0
9,257,0
9,258,0
9,259,0
9,260,0
9,261,0
9,262,0
9,263,0
9,264,0
9,265,0
9,266,0
9,267,0
9,268,0
9,269,0
9,270,0
9,271,0
9,272,0
9,273,0
9,274,0
9,275,0
9,276,0
9,277,0
9,278,0
9,279,0
9,280,0
9,281,0
9,282,0
9,283,0
9,284,0
9,285,0
9,286,0
9,287,0
9,288,0
9,289,0
9,290,0
9,291,0
9,292,0
9,293,0
9,294,0
9,295,0
9,296,0
9,297,0
9,298,0
9,299,0
9,300,0
9,301,0
9,302,0
9,303,0
9,304,0
9,305,0
9,306,0
9,307,0
9,308,0
9,309,0
9,310,0
9,311,0
9,312,0
9,313,0
9,314,0
9,315,0
9,316,0
9,317,0
9,318,0
9,319,0
9,320,0
9,321,0
9,322,0
9,323,0
9,324,0
9,325,0
9,326,0
9,327,0
9,328,0
9,329,0
9,330,0
9,331,0
9,332,0
9,333,0
9,334,0
9,335,0
9,336,0
9,337,0
9,338,0
9,339,0
9,340,0
9,341,0
9,342,0
9,343,0
9,344,0
9,345,0
9,346,0
9,347,0
9,348,0
9,349,0
9,350,0
9,351,0
9,352,0
9,353,0
9,354,0
9,355,0
9,356,0
9,357,0
9,358,0
9,359,0
9,360,0
9,361,0
9,362,0
9,363,0
9,364,0
9,365,0
9,366,0
9,367,0
9,368,0
9,369,0
9,370,0
9,371,0
9,372,0
9,373,0
9,374,0
9,375,0
9,376,0
9,377,0
9,378,0
9,379,0
9,380,0
9,381,0
9,382,0
9,383,0
9,384,0
9,384,1
9,385,0
9,385,1
9,386,0
9,386,1
9,387,0
9,387,1
9,388,0
9,388,1
9,389,0
9,389,1
9,390,0
9,390,1
9,391,0
9,391,1
9,392,0
9,392,1
9,393,0
9,393,1
9,394,0
9,394,1
9,395,0
9,395,1
9,396,0
9,396,1
9,397,0
9,397,1
9,398,0
9,398,1
9,399,0
9,399,1
9,400,0
9,400,1
9,401,0
9,401,1
9,402,0
9,402,1
9,403,0
9,403,1
9,404,0
9,404,1
9,405,0
9,405,1
9,406,0
9,406,1
9,407,0
9,407,1
9,408,0
9,408,1
9,409,0
9,409,1
9,410,0
9,410,1
9,411,0
9,411,1
9,412,0
9,412,1
9,413,0
9,413,1
9,414,0
9,414,1
9,415,0
9,415,1
9,416,0
9,416,1
9,417,0
9,417,1
9,418,0
9,418,1
9,419,0
9,419,1
9,420,0
9,420,1
9,421,0
9,421,1
9,422,0
9,422,1
9,423,0
9,423,1
9,424,0
9,424,1
9,425,0
9,425,1
9,426,0
9,426,1
9,427,0
9,427,1
9,428,0
9,428,1
9,429,0
9,429,1
9,430,0
9,430,1
9,431,0
9,431,1
9,432,0
9,432,1
9,433,0
9,433,1
9,434,0
9,434,1
9,435,0
9,435,1
9,436,0
9,436,1
9,437,0
9,437,1
9,438,0
9,438,1
9,439,0
9,439,1
9,440,0
9,440,1
9,441,0
9,441,1
9,442,0
9,442,1
9,443,0
9,443,1
9,444,0
9,444,1
9,445,0
9,445,1
9,446,0
9,446,1
9,447,0
9,447,1
9,448,0
9,448,1
9,449,0
9,449,1
9,450,0
9,450,1
9,451,0
9,451,1
9,452,0
9,452,1
9,453,0
9,453,1
9,454,0
9,454,1
9,455,0
9,455,1
9,456,0
9,456,1
9,457,0
9,457,1
9,458,0
9,458,1
9,459,0
9,459,1
9,460,0
9,460,1
9,461,0
9,461,1
9,462,0
9,462,1
9,463,0
9,463,1
9,464,0
9,464,1
9,465,0
9,465,1
9,466,0
9,466,1
9,467,0
9,467,1
9,468,0
9,468,1
9,469,0
9,469,1
9,470,0
9,470,1
9,471,0
9,471,1
9,472,0
9,472,1
9,473,0
9,473,1
9,474,0
9,474,1
9,475,0
9,475,1
9,476,0
9,476,1
9,477,0
9,477,1
9,478,0
9,478,1
9,479,0
9,479,1
9,480,0
9,480,1
9,481,0
9,481,1
9,482,0
9,482,1
9,483,0
9,483,1
9,484,0
9,484,1
9,485,0
9,485,1
9,486,0
9,486,1
9,487,0
9,487,1
9,488,0
9,488,1
9,489,0
9,489,1
9,490,0
9,490,1
9,491,0
9,491,1
9,492,0
9,492,1
9,493,0
9,493,1
9,494,0
9,494,1
9,495,0
9,495,1
9,496,0
9,496,1
9,497,0
9,497,1
9,498,0
9,498,1
9,499,0
9,499,1
9,500,0
9,500,1
9,501,0
9,501,1
9,502,0
9,502,1
9,503,0
9,503,1
9,504,0
9,504,1
9,505,0
9,505,1
9,506,0
9,506,1
9,507,0
9,507,1
9,508,0
9,508,1
9,509,0
9,509,1
9,510,0
9,510,1
9,511,0
9,511,1
