
000000000020200000000200000000000002000000000000020000000000000000000000000000000000000000000000
000000000020200000000200000000000002000000000000020000000000000000000000000000000000000000000000
000000000020200000000200000000000002000000000000020000000000000000000000000000000000000000000000
000000000020200000000200000000000002000000000000020000000000000000000000000000000000000000000000
sbox
000000000020200000000200000000000002000000000000020000000000000000000000000000000000000000000000
000000000020200000000200000000000002000000000000020000000000000000000000000000000000000000000000
000000000020200000000200000000000002000000000000020000000000000000000000000000000000000000000000
000000000020200000000200000000000002000000000000020000000000000000000000000000000000000000000000
p-Layer
000000000020200000000200000000000002000000000000020000000000000000000000000000000000000000000000
000000000202000000002000000000000020000000000000200000000000000000000000000000000000000000000000
002020000000020000000000000200000000000002000000000000000000000000000000000000000000000000000000
000000000000000000000000000000000000000000000000000202000000002000000000000020000000000000200000
sbox
002020000222220000002200000200000022000002000000220202000000002000000000000020000000000000200000
002020000222220000002200000200000022000002000000220202000000002000000000000020000000000000200000
002020000222220000002200000200000022000002000000220202000000002000000000000020000000000000200000
002020000222220000002200000200000022000002000000220202000000002000000000000020000000000000200000
p-Layer
002020000222220000002200000200000022000002000000220202000000002000000000000020000000000000200000
020200002222200000022000002000000220000020000002202020000000020000000000000200000000000002000000
022222000000220000020000002200000200000022020200000000200000000000002000000000000020000000202000
000000020000000000000200000000000002000000020200002222200000022000002000000220000020000002202020
sbox
022222022222220000022200002200000222000022020202222222200000022000002000000220000020000002202020
022222022222220000022200002200000222000022020202222222200000022000002000000220000020000002202020
022222022222220000022200002200000222000022020202222222200000022000002000000220000020000002202020
022222022222220000022200002200000222000022020202222222200000022000002000000220000020000002202020
p-Layer
022222022222220000022200002200000222000022020202222222200000022000002000000220000020000002202020
222220222222200000222000022000002220000220202022222222000000220000020000002200000200000022020200
222222000002220000220000022200002202020222222220000002200000200000022000002000000220202002222202
000000220000020000002200000200000022020200222220222222200000222000022000002220000220202022222222
sbox
222222222222220000222200022200002222020222222222222222200000222000022000002220000220202022222222
222222222222220000222200022200002222020222222222222222200000222000022000002220000220202022222222
222222222222220000222200022200002222020222222222222222200000222000022000002220000220202022222222
222222222222220000222200022200002222020222222222222222200000222000022000002220000220202022222222
p-Layer
222222222222220000222200022200002222020222222222222222200000222000022000002220000220202022222222
222222222222200002222000222000022220202222222222222222000002220000220000022200002202020222222222
222222000022220002220000222202022222222222222220000022200002200000222000022020202222222222222222
000002220000220000022200002202020222222222222222222222200002222000222000022220202222222222222222
sbox
222222222222220002222200222202022222222222222222222222200002222000222000022220202222222222222222
222222222222220002222200222202022222222222222222222222200002222000222000022220202222222222222222
222222222222220002222200222202022222222222222222222222200002222000222000022220202222222222222222
222222222222220002222200222202022222222222222222222222200002222000222000022220202222222222222222
p-Layer
222222222222220002222200222202022222222222222222222222200002222000222000022220202222222222222222
222222222222200022222002222020222222222222222222222222000022220002220000222202022222222222222222
222222000222220022220202222222222222222222222220000222200022200002222020222222222222222222222222
000022220002220000222202022222222222222222222222222222200022222002222020222222222222222222222222
sbox
222222222222220022222202222222222222222222222222222222200022222002222020222222222222222222222222
222222222222220022222202222222222222222222222222222222200022222002222020222222222222222222222222
222222222222220022222202222222222222222222222222222222200022222002222020222222222222222222222222
222222222222220022222202222222222222222222222222222222200022222002222020222222222222222222222222
p-Layer
222222222222220022222202222222222222222222222222222222200022222002222020222222222222222222222222
222222222222200222222022222222222222222222222222222222000222220022220202222222222222222222222222
222222002222220222222222222222222222222222222220002222200222202022222222222222222222222222222222
000222220022220202222222222222222222222222222222222222200222222022222222222222222222222222222222
sbox
222222222222220222222222222222222222222222222222222222200222222022222222222222222222222222222222
222222222222220222222222222222222222222222222222222222200222222022222222222222222222222222222222
222222222222220222222222222222222222222222222222222222200222222022222222222222222222222222222222
222222222222220222222222222222222222222222222222222222200222222022222222222222222222222222222222
p-Layer
222222222222220222222222222222222222222222222222222222200222222022222222222222222222222222222222
222222222222202222222222222222222222222222222222222222002222220222222222222222222222222222222222
222222022222222222222222222222222222222222222220022222202222222222222222222222222222222222222222
002222220222222222222222222222222222222222222222222222202222222222222222222222222222222222222222
sbox
222222222222222222222222222222222222222222222222222222202222222222222222222222222222222222222222
222222222222222222222222222222222222222222222222222222202222222222222222222222222222222222222222
222222222222222222222222222222222222222222222222222222202222222222222222222222222222222222222222
222222222222222222222222222222222222222222222222222222202222222222222222222222222222222222222222
p-Layer
222222222222222222222222222222222222222222222222222222202222222222222222222222222222222222222222
222222222222222222222222222222222222222222222222222222022222222222222222222222222222222222222222
222222222222222222222222222222222222222222222220222222222222222222222222222222222222222222222222
022222222222222222222222222222222222222222222222222222222222222222222222222222222222222222222222



222222222222222222222222222222222222222222222222222222222222222222222222222222222222222222222222
222222222222222222222222222222222222222222222222222222222222222222222222222222222222222222222222
222222222222222222222222222222222222222222222222222222222222222222222222222222222222222222222222
122222222222222222222222222222222222222222222222222222222222222222222222222222222222222222222222

sbox
022222222222222222222222222222222222222222222222222222222222222222222222222222222222222202222222
102222222222222222222222222222222222222222222222222222222222222222222222222222222222222220222222
022222220222222222222222222222222222222222222222222222222222222222222222222222222222222222222222
022222222222222222222222222222222222222222222220222222102222222222222222222222222222222222222222
p-Layer
022222222222222222222222222222222222222222222222222222222222222222222222222222222222222202222222
022222222222222222222222222222222222222222222222222222222222222222222222222222222222222202222221
022222222222222222222222222222222222222222222222222222222222222222222222222222222222222202222222
022222222222222222222222222222222222222220222222222222222222222222222222222222222222222202222221

sbox
022222222222222222222222222222222022222220222222222222222222222222222222222222220222222002222200
002222222222222222222222222222222202222221022222222222222222222222222222222222222022222200222220
022222000222222222222222222222222222222220222222202222222222222222222222222222222222222202222220
022222222222222222222222222222222222222021222200222220002222222222222222222222222222222202222221
p-Layer
022222222222222222222222222222222022222220222222222222222222222222222222222222220222222002222200
022222222222222222222222222222222022222210222222222222222222222222222222222222220222222002222200
022222222222222222222222222222222022222220222222222222222222222222222222222222220222222002222200
022222222222222222222222222222222022222210222222222222222222222222222222222222220212222002222200

sbox
022222222222222222222222202222220022222000222222222222222222222222222222020222200202220002222000
002222222222222222222222220222222002222200022222222222222222222222222222202022220010222000222200
022220000222222222222222222222222022222200222220002222222222222222222222222222220202222002022200
022222222222222222222222222222202022220010222000222200002222222222222222222222220202222002222200
p-Layer
022222222222222222222222202222220022222000222222222222222222222222222222020222200202220002222000
022222222222222222222222202222220022222000222222222222222222222222222222020222200102220002222000
022222222222222222222222202222220022222000222222222222222222222222222222020222200202220002222000
022222222222222222222222202022220022222000222222222222222222222222222222020222200102220002222000

sbox
022222222222222220202222002022200022220000222222222222222222222202022220000222000002200002220000
002222222222222222020222200102220002222000022222222222222222222220202222000022200000220000222000
022200000222222222222222202022220020222000222200002222222222222222222222020222200002220000022000
022222222222222222222220202122000022200000220000222000002222222222222222020222200102220002222000
p-Layer
022222222222222220202222002022200022220000222222222222222222222202022220000222000002200002220000
022222222222222220202222001022200022220000222222222222222222222202022220000222000002200002220000
022222222222222220202222002022200022220000222222222222222222222202022220000222000002200002220000
022222222222222220202222001022200022220000222222222222222222222202021220000222000002200002220000

sbox
022222222020222200002220000022000022200000222222202222220202022000020200000220000002000002200000
002222222202022220000222000002200002220000022222220222222020202200001020000022000000200000220000
022000000222222220202222000022200000220000222000002222222022222202020220000202000002200000020000
022222220222222020202200001020000022000000200000220000002222222202020220000222000002200002220000
p-Layer
022222222020222200002220000022000022200000222222202222220202022000020200000220000002000002200000
022222222020222200002220000022000022200000222222202222220202022000010200000220000002000002200000
022222222020222200002220000022000022200000222222202222220202022000020200000220000002000002200000
022222222020202200002220000022000022200000222222202222220202022000010200000220000002000002200000

sbox
002020220000202000002200000020000022000000222220000202200000020000000000000200000000000002000000
000202022000010200000220000002000002200000022222000020220000002000000000000020000000000000200000
020000000020202200002020000022000000200000220000002222200002022000000200000000000002000000000000
022222000020210000002000000000000020000000000000200000000202022000010200000220000002000002200000
p-Layer
002020220000202000002200000020000022000000222220000202200000020000000000000200000000000002000000
002020220000102000002200000020000022000000222220000202200000020000000000000200000000000002000000
002020220000202000002200000020000022000000222220000202200000020000000000000200000000000002000000
002020220000102000002200000020000022000000222220000202100000020000000000000200000000000002000000

sbox
000000200000000000002000000000000020000000020200000002000000000000000000000000000000000000000000
000000020000000000000200000000000002000000002020000000100000000000000000000000000000000000000000
000000000000002000000000000020000000000000200000000202000000020000000000000000000000000000000000
002020000000100000000000000000000000000000000000000000000000020000000000000200000000000002000000
p-Layer
000000200000000000002000000000000020000000020200000002000000000000000000000000000000000000000000
000000200000000000002000000000000020000000020200000001000000000000000000000000000000000000000000
000000200000000000002000000000000020000000020200000002000000000000000000000000000000000000000000
000000200000000000002000000000000020000000020200000001000000000000000000000000000000000000000000

sbox
000000200000000000002000000000000020000000020200000000000000000000000000000000000000000000000000
000000200000000000002000000000000020000000020200000000000000000000000000000000000000000000000000
000000200000000000002000000000000020000000020200000000000000000000000000000000000000000000000000
000000200000000000002000000000000020000000020200000001000000000000000000000000000000000000000000
p-Layer
000000200000000000002000000000000020000000020200000000000000000000000000000000000000000000000000
000002000000000000020000000000000200000000202000000000000000000000000000000000000000000000000000
000000000000200000000000002000000002020000000000000000000000000000000000000000000000000000000020
000000000000000000000000000000000000000000000002000000000000020000000000000200000000202000000010